service_id,monday,tuesday,wednesday,thursday,friday,saturday,sunday,start_date,end_date
2199,1,1,1,1,1,0,0,20201214,20201231
2526,1,1,1,1,0,1,0,20201207,20201212
988,1,1,1,1,1,0,0,20210104,20210305
1043,1,1,1,1,1,0,0,20201214,20201231
887,1,1,1,1,1,0,0,20201207,20201211
2261,1,1,1,1,0,0,0,20201207,20201210
905,1,1,1,1,0,0,0,20201207,20201210
1737,1,1,1,1,1,1,0,20201207,20201212
439,0,0,0,0,1,0,0,20201225,20210101
1508,0,0,0,0,1,0,0,20201218,20210305
4096,0,0,0,0,0,0,1,20201213,20210103
263,1,1,1,1,1,0,0,20201214,20210305
2896,0,0,0,0,0,1,0,20210123,20210306
2408,1,1,1,1,1,0,0,20210104,20210115
2231,1,1,1,1,1,0,0,20210118,20210305
1483,0,0,0,0,0,0,1,20210124,20210228
4143,0,0,1,1,1,0,0,20201209,20201211
4142,1,1,0,0,0,0,0,20201207,20201208
2431,1,1,0,0,0,0,0,20210125,20210126
406,0,0,0,1,0,0,0,20201224,20201231
2333,0,0,0,0,0,0,1,20201213,20210228
8322,1,1,1,1,1,0,1,20201213,20210103
1263,0,0,0,0,1,0,1,20210104,20210207
7789,1,1,1,1,1,0,1,20210104,20210305
204,1,1,1,1,1,0,0,20201207,20201211
8323,0,1,0,0,0,0,1,20201222,20201228
8327,0,0,0,0,0,0,1,20201213,20210228
1457,1,1,1,1,1,1,0,20201207,20201212
6151,1,1,1,1,1,1,0,20210104,20210306
5136,1,0,0,0,0,0,0,20201214,20210201
8339,1,1,1,1,0,0,0,20201214,20210304
8345,1,1,1,1,1,0,1,20201213,20210103
1258,0,0,0,0,1,1,0,20201211,20201212
1514,1,1,1,1,1,0,0,20201207,20201211
1735,0,0,0,0,0,0,1,20210221,20210228
2259,0,0,0,0,1,1,0,20201211,20201212
277,0,0,0,0,0,0,1,20201213,20210228
1103,0,0,0,0,0,1,0,20210220,20210227
959,1,1,1,1,0,0,0,20210104,20210304
1408,0,0,0,0,0,1,1,20210220,20210228
1846,0,0,0,0,1,1,1,20201213,20210103
8593,1,1,1,1,0,0,0,20201207,20201210
8594,1,1,1,1,0,0,0,20201207,20201210
6807,1,0,0,0,0,0,0,20210118,20210301
6189,0,0,0,0,1,1,1,20210104,20210117
2230,1,1,1,1,1,0,1,20210118,20210305
2227,1,1,1,1,1,0,1,20210104,20210117
6237,0,0,0,0,0,1,0,20201219,20210116
6239,0,0,0,0,0,1,0,20210123,20210227
3782,0,0,0,0,0,1,0,20201219,20210116
1995,1,1,1,1,1,1,0,20210104,20210116
1996,1,1,1,1,1,1,0,20210118,20210306
2970,0,0,0,0,0,0,1,20201228,20210117
6185,0,0,0,0,0,0,1,20210124,20210228
4032,1,1,1,1,1,1,1,20210118,20210306
6206,1,1,1,1,1,1,1,20210104,20210117
6707,0,0,0,0,1,0,1,20210122,20210205
6696,0,0,0,0,0,0,1,20210207,20210305
4464,0,0,0,0,1,0,0,20210212,20210219
6176,0,0,0,0,1,0,1,20201228,20210117
6186,0,0,0,0,0,0,1,20201228,20210117
6233,1,1,1,1,1,1,0,20210104,20210116
1224,1,1,1,1,1,0,0,20210208,20210305
8597,1,0,0,0,0,0,0,20201214,20210301
6210,1,1,1,1,1,0,0,20201214,20210205
8598,1,1,1,1,0,0,0,20201221,20201231
2358,0,0,0,0,0,1,0,20201219,20210206
1856,0,0,0,0,0,1,0,20210213,20210306
5025,1,0,0,0,0,1,0,20201207,20201212
3614,0,0,0,0,1,1,0,20210212,20210227
6226,0,1,1,1,0,0,1,20201213,20210304
4636,0,0,0,0,1,0,1,20210212,20210305
2136,1,1,1,1,1,0,1,20201213,20210305
1486,0,1,1,1,0,0,0,20201208,20201210
4153,1,1,1,1,1,1,1,20201213,20210306
3347,0,1,1,1,1,1,1,20201213,20210306
3348,0,1,1,1,1,1,0,20201208,20201212
6371,1,1,0,1,0,0,0,20201214,20210304
4637,0,0,0,0,1,0,1,20201213,20210207
897,1,1,1,1,0,0,0,20201214,20210304
5466,0,0,0,0,1,0,1,20201213,20210305
6459,0,0,0,1,1,0,0,20201210,20201211
1999,1,1,1,1,1,1,1,20201213,20210103
6477,0,0,0,0,0,0,1,20201213,20210228
2132,0,0,0,0,1,1,0,20201218,20210306
4476,1,1,1,1,1,0,0,20210215,20210301
4103,0,0,0,0,0,0,1,20201213,20210103
3257,1,0,0,0,0,0,0,20201214,20210301
3043,0,0,0,1,1,0,0,20201210,20201211
4675,0,0,1,1,1,0,1,20210215,20210228
4674,0,0,1,1,1,1,0,20201209,20201212
4366,0,1,0,0,1,0,0,20201215,20210103
6360,1,1,0,0,0,1,0,20201214,20210306
6611,0,0,0,0,1,0,1,20201213,20210305
4890,0,0,0,0,0,0,1,20210104,20210214
8615,1,1,1,1,1,1,1,20201213,20210305
2212,1,1,1,1,0,0,0,20201214,20210105
1883,1,1,1,1,1,1,0,20201207,20201212
5301,1,1,1,1,1,1,1,20201214,20210306
5120,0,0,0,0,0,1,1,20201219,20210103
8628,1,1,1,1,1,1,1,20201214,20210306
8632,1,1,1,0,1,0,0,20210125,20210129
7279,0,0,0,1,0,0,0,20210114,20210204
5373,0,0,0,0,0,1,0,20210222,20210306
8637,0,0,0,0,0,1,0,20201225,20210306
8638,1,0,0,0,1,0,1,20201221,20210305
5302,0,0,0,0,0,1,1,20201219,20210103
6087,1,1,1,0,0,0,1,20201213,20210104
2646,0,0,0,0,0,1,0,20210213,20210227
1688,1,1,1,1,1,1,0,20201207,20201212
6002,1,1,1,1,1,1,0,20201207,20201212
3648,1,1,1,1,1,0,0,20201207,20201211
225,1,0,0,0,0,0,0,20201214,20210301
8812,1,1,1,1,1,1,0,20201207,20201212
8813,0,0,0,0,1,1,0,20201211,20201212
8814,1,1,1,1,0,0,0,20201207,20201210
4230,1,1,1,1,1,1,0,20201207,20201212
8815,0,0,0,0,1,1,0,20201211,20201212
8816,1,1,1,1,0,0,0,20201207,20201210
6500,0,1,1,1,1,1,0,20201208,20201212
8817,1,1,1,1,1,1,0,20201207,20201212
6340,1,0,0,0,1,1,1,20210208,20210228
236,1,1,1,1,1,1,1,20201213,20210306
4209,1,1,1,1,1,0,1,20201213,20210305
3962,1,0,0,0,0,0,0,20201214,20210110
2290,0,0,1,1,0,0,0,20201209,20201210
1819,1,1,1,1,1,1,1,20201213,20210306
1833,0,0,0,0,0,1,0,20210213,20210220
1261,0,0,0,0,0,1,1,20210213,20210221
2516,1,1,1,1,1,1,1,20201214,20210306
2676,1,1,1,1,1,1,0,20201207,20201212
1748,1,0,0,0,0,0,0,20201214,20210110
1751,0,0,0,0,1,1,1,20210208,20210228
6402,1,1,1,1,1,0,1,20201213,20210305
8907,1,0,0,0,0,0,0,20210215,20210225
2148,1,1,1,1,1,1,1,20201213,20210306
6332,1,1,1,1,1,1,1,20201213,20210306
6401,0,0,0,1,1,0,0,20201210,20201211
6498,1,0,0,0,0,0,0,20201214,20210110
3002,0,0,0,1,0,0,0,20201217,20210304
7880,0,0,0,0,0,1,0,20210213,20210227
6439,1,1,1,1,1,0,1,20201213,20210305
4980,1,1,1,1,1,1,1,20201213,20210306
6485,0,0,0,1,1,0,1,20210104,20210207
6361,1,1,1,1,1,1,1,20201213,20210306
6536,0,0,0,0,0,1,1,20201213,20210306
8913,0,0,0,0,0,0,1,20210221,20210228
1848,0,0,0,0,0,0,1,20210110,20210207
1849,0,0,0,0,0,0,1,20210214,20210228
1852,0,0,0,0,0,1,0,20210213,20210306
1847,0,0,0,0,0,1,0,20210109,20210206
8914,1,1,1,1,1,0,0,20210215,20210305
6419,0,0,0,0,1,0,0,20210212,20210226
6417,0,0,0,0,0,1,0,20210109,20210207
8915,1,1,1,1,1,0,0,20210215,20210305
4722,1,1,1,1,0,1,0,20210215,20210306
7263,1,1,1,1,1,0,0,20201207,20201211
1953,1,0,0,0,0,0,0,20210111,20210301
6328,1,1,1,1,1,0,1,20210215,20210301
6467,1,1,1,1,1,0,0,20201214,20201231
7459,0,0,0,0,0,1,1,20210213,20210228
4871,0,0,0,0,1,0,0,20210208,20210226
8925,1,1,1,1,1,0,0,20201207,20201211
4147,1,1,1,1,1,0,0,20201207,20201211
104,1,1,1,1,1,1,0,20201207,20201212
3799,1,0,0,0,0,1,0,20201214,20210306
2386,0,1,1,0,0,0,0,20201208,20201209
6172,0,0,0,0,1,0,1,20201213,20210305
697,1,1,1,1,1,0,0,20201214,20210305
1991,0,0,0,0,1,0,0,20201218,20210305
6164,1,0,0,0,0,1,0,20201207,20201212
544,0,0,0,0,0,1,1,20201213,20210228
6400,1,1,1,1,1,0,1,20210215,20210228
828,1,1,1,1,1,1,1,20201214,20210306
623,0,0,0,0,1,0,0,20201218,20210226
6604,0,0,0,0,0,0,1,20210104,20210214
1198,1,1,1,1,0,0,0,20201207,20201210
3248,0,0,0,0,0,1,0,20210109,20210213
2401,0,0,0,0,1,0,0,20210111,20210207
5414,1,1,1,1,1,0,1,20201214,20210305
3621,0,0,0,0,1,1,1,20201218,20210306
6414,0,0,0,0,1,0,0,20210212,20210226
5416,1,1,1,1,1,0,0,20201207,20201211
6399,1,1,1,1,1,0,0,20210215,20210226
4227,0,0,0,0,0,0,1,20201220,20210228
4226,1,1,1,1,1,1,0,20201214,20210306
6527,0,1,1,1,1,1,0,20210302,20210306
2057,1,1,1,1,1,0,0,20201207,20201211
4039,1,0,0,0,0,0,0,20210104,20210207
7761,1,1,1,1,1,1,1,20201214,20210306
6471,1,1,1,1,1,0,0,20201207,20201211
6574,1,1,1,1,1,1,1,20201214,20210103
6408,0,0,0,0,0,0,1,20210208,20210228
7468,0,0,0,0,0,1,1,20210208,20210228
4737,1,1,1,1,1,0,0,20210215,20210301
6532,1,1,1,1,1,1,1,20201213,20210103
6519,0,0,0,0,0,1,1,20201213,20210103
6518,0,0,0,0,1,0,0,20210104,20210214
4231,1,1,1,1,1,1,1,20201213,20210306
6435,1,1,1,1,1,1,1,20201213,20210306
6539,1,1,1,1,1,1,1,20201213,20210103
527,1,1,1,1,1,1,1,20201213,20210306
2647,1,1,1,1,1,1,1,20201213,20210306
4479,1,1,1,1,1,1,1,20201213,20210103
2060,0,0,0,0,0,1,1,20210104,20210214
6424,0,0,0,0,0,0,1,20201213,20210214
