service_id,monday,tuesday,wednesday,thursday,friday,saturday,sunday,start_date,end_date
8039,0,1,1,0,0,0,0,20201117,20201125
8040,1,0,0,1,0,0,0,20201116,20201126
467,0,0,0,0,1,0,0,20201106,20201211
8041,0,0,0,0,1,0,0,20201106,20201211
249,0,0,0,0,0,1,0,20201107,20201212
8043,1,1,1,1,0,0,0,20201102,20201210
8044,1,1,1,1,0,0,0,20201102,20201210
8045,1,1,1,1,0,1,1,20201102,20201212
1418,0,0,0,0,1,0,0,20201106,20201113
1265,0,0,0,0,1,0,0,20201120,20201211
8046,0,0,0,0,0,1,0,20201107,20201205
8047,0,0,0,0,1,1,1,20201106,20201211
8048,0,0,0,0,0,0,1,20201108,20201206
8049,0,0,0,0,1,0,0,20201106,20201211
8050,0,1,1,1,1,0,0,20201103,20201211
8051,0,0,0,0,0,0,1,20201108,20201206
8052,1,1,1,1,0,0,0,20201102,20201210
8053,1,1,1,1,0,0,0,20201102,20201210
8054,1,0,0,0,0,0,0,20201102,20201207
8056,1,1,1,1,0,0,0,20201102,20201210
8057,1,1,1,1,0,0,0,20201102,20201210
8058,0,0,0,0,1,0,0,20201120,20201204
8059,0,0,0,0,0,0,1,20201108,20201206
8060,0,0,0,0,0,1,0,20201107,20201205
8062,0,0,0,0,1,1,1,20201106,20201211
8064,1,0,0,0,0,0,0,20201102,20201109
8065,0,0,0,0,1,0,0,20201106,20201211
8066,0,1,1,1,1,0,0,20201103,20201211
8067,1,1,1,1,0,1,0,20201102,20201212
8068,1,0,0,0,1,0,1,20201102,20201211
4217,0,0,0,1,0,0,0,20201105,20201210
8069,1,0,0,0,0,0,0,20201102,20201207
8070,1,0,0,0,0,0,0,20201116,20201207
172,0,1,1,1,1,0,0,20201103,20201211
8071,0,0,0,0,1,1,0,20201106,20201212
8072,0,1,1,1,0,1,1,20201103,20201212
8073,1,1,1,0,0,0,0,20201102,20201209
8074,0,1,1,1,0,0,0,20201103,20201210
8075,0,1,1,1,0,1,0,20201103,20201212
2,0,0,0,0,0,0,1,20201108,20201206
8076,1,0,0,1,0,0,0,20201102,20201115
1550,0,0,0,0,1,0,1,20201120,20201211
8077,0,0,0,0,1,0,1,20201106,20201115
8078,1,0,0,0,0,0,0,20201102,20201207
8079,1,0,0,0,1,0,1,20201102,20201211
8080,0,1,1,1,0,0,0,20201103,20201112
8081,1,0,0,0,1,0,0,20201102,20201211
8082,1,0,0,0,0,0,0,20201109,20201207
8083,0,1,1,1,0,0,0,20201117,20201210
8084,0,0,0,1,1,0,0,20201105,20201211
8085,1,1,1,1,0,0,0,20201102,20201210
8087,0,1,1,1,0,0,1,20201103,20201210
8088,0,0,0,0,0,0,1,20201108,20201206
8089,1,0,0,0,0,0,0,20201102,20201207
829,1,1,1,1,1,0,0,20201116,20201211
5889,1,1,1,1,0,0,1,20201102,20201210
1818,1,1,1,1,1,0,0,20201102,20201113
8090,0,1,1,1,1,0,0,20201103,20201211
236,0,0,0,0,0,0,1,20201122,20201206
8091,0,0,0,0,1,0,0,20201120,20201211
184,0,0,0,0,0,0,1,20201108,20201115
8092,1,1,1,1,0,0,0,20201102,20201112
8093,1,1,1,1,0,0,0,20201116,20201210
8094,0,0,0,0,1,1,1,20201106,20201115
8095,1,0,0,0,0,1,1,20201102,20201212
8096,0,0,0,0,1,1,1,20201120,20201212
8097,1,1,1,1,0,1,1,20201102,20201212
8098,1,0,0,0,0,0,0,20201102,20201207
8099,0,1,1,1,1,0,0,20201103,20201211
8100,0,1,1,1,1,0,0,20201117,20201211
8101,0,1,1,1,1,0,0,20201103,20201113
2909,1,1,1,1,0,0,0,20201102,20201112
1350,1,1,1,1,0,0,0,20201116,20201210
8103,1,0,0,0,0,0,0,20201102,20201109
9,0,0,0,0,0,1,0,20201107,20201205
8104,0,0,0,0,0,1,1,20201107,20201115
8105,1,0,0,0,0,0,0,20201116,20201207
3062,0,0,0,0,1,1,1,20201120,20201211
8106,0,0,0,0,1,0,0,20201106,20201211
8107,1,1,1,0,0,0,0,20201102,20201209
8108,0,0,0,0,1,0,0,20201106,20201113
8109,0,0,0,0,1,0,0,20201120,20201211
8110,0,1,1,1,0,1,0,20201103,20201212
8111,0,1,1,1,0,0,0,20201117,20201210
8112,0,1,0,0,1,0,0,20201103,20201113
8113,0,1,1,1,1,0,0,20201103,20201113
8116,0,1,0,0,1,0,0,20201117,20201211
8117,1,0,1,1,0,1,0,20201102,20201114
8119,0,1,1,1,0,0,0,20201103,20201112
8120,1,0,1,1,0,1,0,20201116,20201212
8121,0,1,1,1,0,0,0,20201103,20201210
8122,0,1,1,1,0,0,0,20201117,20201210
8123,0,1,1,1,1,0,0,20201117,20201211
266,0,0,0,0,0,1,0,20201121,20201212
6036,0,0,0,0,0,0,1,20201107,20201206
8124,0,1,1,1,0,0,0,20201103,20201112
8125,1,0,0,0,1,1,0,20201102,20201212
8126,1,1,1,1,0,0,1,20201102,20201210
8127,1,0,0,0,1,0,1,20201102,20201211
8128,1,1,1,1,0,0,0,20201116,20201210
8129,1,1,1,1,0,0,0,20201102,20201112
5988,0,0,0,0,0,0,1,20201108,20201115
5984,0,0,0,0,0,0,1,20201122,20201206
8130,1,0,1,1,0,0,0,20201116,20201210
8131,0,1,0,0,1,0,0,20201117,20201211
8132,1,0,0,0,0,0,0,20201116,20201207
8133,0,0,0,0,0,0,1,20201108,20201115
8135,1,0,0,0,0,1,1,20201102,20201115
8136,1,0,0,0,1,1,1,20201116,20201212
8137,0,1,0,0,1,0,0,20201103,20201113
8138,0,1,1,1,0,0,0,20201103,20201210
8139,1,0,0,0,0,0,0,20201102,20201109
8140,0,0,0,1,0,0,1,20201105,20201210
8142,1,0,0,0,0,0,0,20201116,20201207
8143,1,0,0,0,0,0,0,20201102,20201109
8144,1,0,0,1,0,0,0,20201104,20201112
2033,1,1,1,1,1,1,0,20201116,20201212
2578,1,1,1,1,1,1,0,20201102,20201114
8145,1,1,1,1,1,1,0,20201102,20201114
993,1,1,1,1,1,1,0,20201116,20201211
2866,1,1,1,1,1,0,1,20201116,20201211
8146,1,1,0,0,0,0,0,20201102,20201103
8147,1,1,1,1,1,0,1,20201102,20201115
2385,1,1,1,1,1,1,1,20201116,20201211
8148,1,1,1,1,1,1,1,20201104,20201115
6850,1,1,0,0,0,0,0,20201102,20201103
6851,1,1,1,1,1,1,1,20201104,20201115
8149,1,1,0,0,0,0,0,20201102,20201103
8150,1,1,1,1,1,1,0,20201102,20201114
8151,1,1,1,1,0,0,0,20201104,20201210
6818,0,0,0,0,1,1,0,20201106,20201212
8152,0,0,0,0,0,0,1,20210110,20210124
8153,0,0,0,0,1,1,0,20210104,20210130
8154,0,0,0,0,0,0,1,20201213,20210124
8155,0,0,0,0,0,0,1,20201213,20210103
323,0,0,0,0,0,1,0,20201219,20210130
326,0,0,0,0,1,0,0,20210104,20210129
576,0,0,0,0,0,0,1,20201213,20210124
788,0,0,0,0,1,0,0,20201225,20210101
1663,1,0,0,0,0,0,1,20201213,20210125
8156,0,0,0,0,0,1,0,20210109,20210130
564,0,0,0,0,1,0,0,20210104,20210129
533,0,0,0,1,0,0,0,20201224,20201231
8157,0,0,0,0,1,1,0,20201219,20210102
410,0,1,1,1,0,0,0,20210104,20210128
3113,1,0,0,0,0,0,0,20201214,20210125
8158,0,1,1,1,0,0,0,20210104,20210128
8159,1,1,1,1,0,0,0,20201214,20210128
1587,0,0,0,0,1,0,0,20210108,20210129
1591,0,0,0,1,0,0,0,20201218,20201231
8160,0,0,0,0,0,0,1,20201213,20210124
8161,0,0,0,0,1,1,1,20201213,20210130
8162,0,0,0,0,1,0,1,20210108,20210129
8163,0,0,0,1,0,0,1,20201213,20210103
1824,1,1,1,1,1,0,0,20201214,20201231
263,0,0,0,0,0,1,0,20201107,20201114
2153,0,0,0,0,0,1,0,20210109,20210130
8164,1,1,1,1,0,0,0,20201214,20210128
8165,0,0,0,0,0,1,0,20210109,20210130
1149,1,1,1,1,1,0,0,20210104,20210129
2319,0,0,0,0,1,1,0,20201219,20210102
1593,1,1,1,1,0,0,0,20201214,20201230
6244,1,1,1,1,0,0,0,20210104,20210128
8166,0,0,0,0,1,1,0,20201219,20210102
8167,1,1,1,1,1,0,0,20201214,20210129
8168,0,0,0,0,1,0,0,20210104,20210129
4251,0,0,0,0,1,1,0,20201219,20210102
8169,1,1,1,1,0,1,0,20210104,20210130
8170,0,0,0,0,1,0,0,20210104,20210129
8171,1,1,1,0,1,1,0,20201214,20210102
8172,1,1,1,1,0,1,1,20201213,20210130
8173,0,0,0,0,1,0,1,20210108,20210129
8174,0,0,0,0,0,1,1,20201213,20210130
8175,0,0,0,1,0,0,1,20201213,20210103
399,0,0,0,0,0,0,1,20201213,20210124
8176,0,1,1,1,1,1,1,20201213,20210103
8177,0,0,0,0,1,0,0,20210104,20210129
8178,1,1,1,0,1,1,0,20201214,20210102
8179,0,0,0,0,0,0,1,20201213,20210124
8180,1,1,1,1,0,1,0,20210104,20210130
8181,0,1,1,1,1,1,1,20210105,20210130
4619,0,0,0,0,0,0,1,20210110,20210124
8182,1,1,1,1,0,1,1,20201213,20210130
4620,0,0,0,0,0,0,1,20201213,20210103
8183,1,0,0,0,0,0,0,20210104,20210125
8184,1,0,0,0,0,0,0,20201214,20201228
8185,0,0,0,1,0,0,1,20201213,20210103
8186,0,0,0,0,0,0,1,20210110,20210124
3194,1,1,1,1,1,1,0,20201102,20201212
57,0,0,0,0,0,0,1,20201108,20201206
1098,0,0,0,0,1,0,0,20201106,20201211
322,1,1,1,1,1,0,0,20201123,20201127
1722,1,1,1,1,1,0,0,20201207,20201211
8187,0,0,0,0,0,0,1,20201108,20201206
3085,1,0,1,1,1,0,0,20201130,20201204
8188,1,1,1,1,0,1,0,20201102,20201212
3095,1,1,1,1,0,0,0,20201102,20201113
3096,0,1,1,1,1,0,0,20201117,20201120
6324,0,0,0,0,0,1,1,20201108,20201212
8190,1,1,1,1,0,0,0,20201102,20201210
6,0,0,0,0,1,0,0,20201106,20201211
8191,1,1,1,1,0,0,0,20201102,20201210
6034,0,0,0,0,1,0,0,20201113,20201211
166,0,0,0,0,0,1,1,20201114,20201115
8192,0,0,0,0,1,0,0,20201106,20201211
8193,1,1,1,1,0,0,0,20201102,20201210
5798,1,1,1,1,1,1,1,20201102,20201212
6422,0,0,0,0,1,1,1,20201106,20201212
6033,0,0,0,0,0,0,1,20201108,20201129
3347,1,1,1,1,1,1,1,20201102,20201212
8194,0,0,0,0,1,0,0,20201106,20201211
3087,0,0,0,0,0,1,1,20201114,20201212
3343,0,0,0,0,0,0,1,20201115,20201116
3342,1,1,1,1,1,0,1,20201116,20201211
7813,0,0,0,0,0,1,0,20201121,20201205
5139,1,1,1,1,1,0,0,20201102,20201211
3738,0,0,0,0,0,0,1,20201122,20201206
282,0,0,0,0,0,1,0,20201205,20201212
1084,0,0,0,0,0,1,0,20201114,20201128
8195,0,0,0,0,1,0,0,20201106,20201211
1061,0,0,0,0,0,1,0,20201114,20201212
55,1,1,1,1,1,0,0,20201102,20201211
110,0,0,0,0,0,0,1,20201108,20201206
8196,1,1,1,1,0,0,0,20201102,20201210
6354,1,1,1,1,1,1,0,20201102,20201212
5576,1,1,1,1,1,0,0,20201102,20201211
8197,0,0,0,0,0,1,0,20201114,20201121
79,1,1,1,1,1,0,0,20201102,20201211
658,1,0,0,0,0,0,0,20201102,20201207
3156,0,0,0,0,0,1,1,20201108,20201212
6391,0,0,0,0,1,0,1,20201106,20201211
5498,0,0,0,0,0,0,1,20201108,20201129
6439,1,1,1,1,1,1,0,20201109,20201129
4195,0,0,0,0,1,0,0,20201113,20201129
8199,0,0,0,0,0,1,0,20201205,20201212
5,1,1,1,1,1,0,0,20201102,20201211
6372,1,1,1,1,1,1,1,20201102,20201212
1243,0,0,0,0,0,0,1,20201115,20201206
6371,0,1,1,0,0,0,0,20201110,20201111
1114,1,1,1,1,1,1,1,20201213,20210130
8200,1,1,1,1,1,0,0,20201214,20210129
8201,0,0,0,0,1,0,0,20210104,20210129
1186,1,1,1,1,1,0,0,20201214,20210129
8202,0,0,0,0,0,1,1,20201213,20210130
1156,0,0,0,0,0,0,1,20201213,20210124
8203,1,1,1,1,0,0,0,20201214,20210128
8204,0,0,0,0,1,0,0,20201225,20210101
8205,0,0,0,0,0,1,0,20201219,20210102
7096,1,1,1,1,1,1,1,20201214,20210130
1430,0,0,0,0,0,1,0,20201219,20210102
2051,0,0,0,0,0,0,1,20201220,20210117
8206,1,0,0,0,0,1,0,20201214,20210130
8207,0,1,1,1,1,0,0,20210104,20210129
8208,1,1,1,1,1,1,0,20210104,20210130
8209,0,1,1,1,0,0,0,20210104,20210128
8210,1,1,1,1,1,1,0,20201214,20210102
8211,0,1,1,1,0,0,0,20210104,20210128
8212,0,0,0,0,0,0,1,20201213,20210103
8213,0,0,0,0,0,0,1,20210110,20210124
8214,1,0,0,0,0,0,0,20201214,20210125
392,1,1,1,1,1,1,1,20201213,20210130
8215,0,0,0,0,0,1,1,20201213,20210130
8216,1,1,1,1,0,0,0,20201214,20210128
8217,1,1,1,1,0,0,1,20201213,20210128
8218,0,0,0,0,1,0,0,20210104,20210129
401,0,0,0,0,0,0,1,20201213,20210124
8219,1,0,0,0,1,1,1,20201213,20210130
1284,0,0,0,0,0,1,0,20210104,20210130
511,1,1,1,1,0,1,1,20201213,20210130
8220,0,1,1,1,0,0,0,20210104,20210128
8221,0,0,1,1,0,0,0,20201216,20201231
8222,1,1,1,1,1,1,0,20201214,20210130
2489,0,0,0,0,1,0,0,20210104,20210129
8223,0,0,1,1,1,0,0,20210106,20210129
8224,1,1,1,1,0,0,1,20201213,20210128
1272,0,0,0,0,1,0,1,20201213,20210129
3489,0,0,0,0,0,1,0,20201219,20210130
3660,0,0,0,0,1,0,1,20210108,20210129
8225,1,1,0,0,1,1,1,20201213,20210103
8226,1,1,0,0,0,1,1,20210104,20210130
406,1,1,1,1,0,0,0,20201214,20210128
8227,0,0,0,0,0,0,1,20201213,20210124
2024,0,0,0,0,1,1,1,20201213,20210130
8228,1,0,0,0,1,1,1,20201213,20210130
1148,1,1,1,1,1,1,0,20210104,20210130
8229,1,1,1,1,0,0,0,20201214,20210128
3657,0,0,0,1,0,0,1,20201213,20210103
1142,1,1,1,1,1,1,0,20201214,20210102
1876,0,0,0,0,0,0,1,20201213,20210124
1266,1,1,1,1,0,0,0,20201102,20201210
441,0,0,0,0,0,1,1,20201107,20201212
8230,1,0,0,0,0,0,0,20201116,20201207
1693,1,1,1,1,1,0,0,20201102,20201211
2459,1,1,1,1,1,0,1,20201102,20201211
1269,0,0,0,0,1,0,1,20201106,20201115
6004,1,1,1,1,0,0,1,20201102,20201210
8231,1,1,1,1,1,0,1,20201102,20201115
8232,1,0,0,0,0,0,0,20201102,20201109
2035,1,1,1,1,1,0,0,20201102,20201113
8233,1,0,0,0,0,0,0,20201116,20201207
129,0,0,0,0,1,0,0,20201106,20201211
5464,0,0,0,0,0,1,0,20201107,20201114
8234,0,1,1,1,1,1,1,20201103,20201114
8235,0,1,1,1,1,1,1,20201117,20201212
5004,0,0,0,0,1,1,0,20201106,20201212
6111,1,1,1,1,0,0,0,20201102,20201210
2488,0,0,0,0,1,0,0,20201106,20201113
8236,1,0,0,0,0,0,0,20201102,20201109
4835,1,1,1,1,0,0,0,20201102,20201112
8237,1,1,1,1,1,0,1,20201116,20201211
496,1,1,1,1,0,0,0,20201123,20201210
4837,1,1,1,1,0,0,0,20201116,20201119
8238,0,1,1,1,1,1,1,20201117,20201212
8239,0,1,1,1,1,1,1,20201103,20201113
8240,0,0,0,0,0,1,0,20201121,20201212
8241,0,0,0,0,0,1,0,20201107,20201114
8242,1,0,0,0,0,0,0,20201116,20201207
8243,0,1,1,1,0,0,1,20201103,20201115
8244,1,0,0,0,0,0,0,20201102,20201109
8245,0,1,1,1,0,0,1,20201117,20201210
8246,0,0,0,0,1,0,0,20201204,20201211
1391,1,0,1,1,0,0,0,20201102,20201112
673,1,1,1,1,1,1,1,20201102,20201212
3419,1,1,1,1,0,1,1,20201102,20201212
8247,0,0,0,0,1,0,0,20201106,20201127
6125,1,1,1,1,1,1,0,20201103,20201212
5968,1,1,1,1,1,1,1,20201107,20201212
8248,1,0,0,1,0,0,0,20201116,20201210
8249,1,1,1,1,0,0,1,20201116,20201210
2268,1,1,1,1,0,0,0,20201102,20201112
8250,1,0,0,0,0,0,0,20201102,20201112
8251,1,1,1,1,0,0,1,20201102,20201115
2816,0,0,0,0,0,1,1,20201107,20201115
8252,0,1,1,0,0,1,1,20201103,20201114
1067,0,0,0,0,0,1,1,20201121,20201212
8253,0,0,0,0,1,1,0,20201120,20201212
4370,0,0,0,0,1,0,0,20201106,20201113
2575,1,1,1,1,1,1,1,20201102,20201115
1859,1,1,1,1,1,1,1,20201116,20201212
8254,0,1,1,0,0,1,1,20201117,20201212
6066,1,1,1,0,1,1,1,20201102,20201114
8255,0,0,0,0,1,1,0,20201106,20201114
8256,0,0,0,0,0,1,0,20201107,20201114
8257,0,0,0,0,0,1,0,20201121,20201212
1585,1,1,1,1,0,0,0,20201102,20201112
8258,1,1,1,1,1,0,0,20201102,20201113
8259,1,1,1,1,1,0,0,20201116,20201211
1613,1,1,1,1,1,1,0,20201102,20201212
6137,1,1,1,1,1,0,1,20201102,20201211
275,0,0,0,0,0,1,0,20201107,20201212
2935,1,1,1,1,1,0,0,20201102,20201211
2934,0,0,0,1,1,0,0,20201105,20201106
3511,0,0,0,0,1,1,0,20201106,20201212
8261,0,0,0,0,0,1,0,20201205,20201212
8262,0,0,0,0,0,1,0,20201121,20201128
6110,1,1,1,1,0,0,1,20201102,20201210
8263,0,0,0,0,0,1,0,20201107,20201114
3808,1,1,1,1,1,0,1,20201102,20201211
4473,1,1,1,1,0,0,0,20201102,20201112
4952,1,1,1,1,1,1,0,20201102,20201212
6095,1,1,1,1,0,1,1,20201116,20201212
6097,1,1,1,1,1,1,1,20201102,20201115
8264,0,1,1,1,0,0,0,20201103,20201112
8265,0,1,1,1,0,0,0,20201117,20201210
8266,0,0,0,0,1,0,0,20201106,20201113
8267,1,0,0,0,0,0,0,20201102,20201207
8268,0,0,0,0,1,0,0,20201120,20201211
8269,0,0,0,0,0,1,0,20201107,20201114
8271,0,0,0,0,0,1,0,20201121,20201212
8272,1,1,1,1,0,0,0,20201102,20201112
2718,1,1,1,1,1,1,1,20201102,20201212
8273,1,0,0,0,1,1,0,20201116,20201212
8274,1,0,0,0,1,1,0,20201102,20201114
8275,0,1,1,1,1,1,0,20201103,20201212
8276,1,1,1,1,1,0,0,20201116,20201211
8277,1,1,1,1,1,0,0,20201102,20201113
8278,1,1,1,1,1,0,1,20201102,20201211
8279,1,1,1,1,0,0,0,20201116,20201210
8280,0,0,0,0,0,1,1,20201107,20201115
2570,1,1,1,1,0,0,1,20201116,20201210
4766,0,0,1,0,0,0,1,20201108,20201115
8281,1,0,0,0,0,0,0,20201116,20201207
448,1,1,1,1,1,0,0,20201116,20201127
8283,1,0,0,0,0,0,0,20201102,20201109
8284,1,0,1,0,0,0,0,20201102,20201110
5445,0,0,0,0,0,1,1,20201121,20201212
8285,0,1,0,0,0,0,0,20201103,20201110
8286,1,1,1,1,1,1,1,20201102,20201115
2867,1,1,1,1,1,0,1,20201102,20201115
6226,1,1,1,1,1,0,0,20201102,20201112
5446,1,1,1,1,1,0,0,20201116,20201211
8288,0,0,0,0,0,1,0,20201123,20201212
8289,1,1,1,1,1,0,0,20201114,20201211
6225,1,1,1,1,1,0,0,20201116,20201211
8290,0,1,0,0,0,0,0,20201117,20201208
8291,0,1,0,1,0,0,0,20201103,20201112
3326,1,1,1,1,1,1,0,20201102,20201114
8292,1,0,1,1,1,1,1,20201102,20201113
135,0,0,0,0,0,1,1,20201121,20201122
8293,0,0,0,0,0,0,1,20201115,20201122
8294,0,1,1,1,0,0,0,20201117,20201210
8295,1,0,1,1,1,1,1,20201116,20201212
6145,1,1,1,1,1,1,0,20201102,20201113
6009,0,0,0,0,1,1,1,20201106,20201115
6146,1,1,1,1,1,1,0,20201116,20201212
8296,0,0,0,0,0,0,1,20201123,20201206
8297,0,1,1,1,0,0,0,20201103,20201112
5116,0,0,0,0,1,1,1,20201120,20201212
2612,1,0,0,0,0,0,0,20201102,20201109
4001,0,1,1,1,0,0,0,20201103,20201112
8298,0,0,0,0,0,1,0,20201121,20201128
274,0,0,1,0,0,0,1,20201108,20201115
8299,0,0,0,0,0,1,0,20201107,20201114
1877,0,0,0,0,0,0,1,20201108,20201115
2958,1,1,1,1,1,0,0,20201102,20201113
8300,0,0,0,0,0,0,1,20201108,20201115
8301,0,0,0,0,0,1,0,20201205,20201212
6279,1,1,1,1,1,1,1,20201102,20201115
8302,0,0,0,0,0,1,0,20201107,20201114
8303,1,1,1,1,0,0,1,20201116,20201210
8304,1,0,0,1,0,0,0,20201116,20201210
8305,0,0,0,1,0,0,0,20201105,20201112
8306,1,1,1,1,0,0,0,20201116,20201210
8307,1,1,1,1,0,0,1,20201102,20201115
8308,1,1,1,1,0,0,0,20201102,20201112
3791,1,1,1,1,1,1,0,20201106,20201114
3790,1,1,1,1,1,0,0,20201201,20201211
3782,1,0,1,0,0,0,0,20201102,20201104
3792,1,0,1,0,0,0,0,20201130,20201202
8309,0,0,0,0,0,0,1,20201108,20201115
4659,0,0,0,0,0,0,1,20201115,20201206
8310,0,0,0,0,0,0,1,20201122,20201206
8311,0,0,0,0,1,1,0,20201106,20201114
8312,0,1,1,0,0,0,0,20201103,20201111
6134,1,1,1,1,1,0,0,20201102,20201127
8313,0,1,1,0,0,0,0,20201117,20201209
6131,0,0,0,0,0,1,1,20201107,20201111
6133,1,1,1,1,1,1,1,20201121,20201212
8314,0,0,0,0,1,1,0,20201120,20201212
8315,1,1,1,1,1,0,0,20201116,20201211
8316,1,1,1,1,1,0,0,20201102,20201113
8317,0,0,0,0,0,1,0,20201121,20201212
8319,0,0,0,0,0,1,1,20201121,20201212
7201,1,1,1,1,0,0,0,20201102,20201112
1071,1,0,0,0,0,0,0,20201116,20201207
7202,0,0,0,0,0,0,1,20201108,20201115
8320,0,0,0,0,1,0,0,20201120,20201211
8321,0,0,0,0,1,0,0,20201106,20201113
8322,0,0,0,0,0,1,1,20201107,20201114
4959,0,1,1,1,1,0,0,20201103,20201113
1069,0,1,1,1,1,0,0,20201117,20201211
504,0,0,0,0,1,0,0,20201204,20201211
8323,0,0,0,0,0,0,1,20201108,20201115
3393,1,1,1,1,1,1,1,20201102,20201115
2957,1,1,1,1,1,1,0,20201102,20201114
8325,0,0,0,0,0,0,1,20201122,20201129
6139,1,1,1,1,0,0,0,20201102,20201115
8326,0,1,0,0,0,0,0,20201117,20201208
8327,0,1,1,1,0,0,0,20201117,20201210
8328,0,1,1,1,0,0,0,20201103,20201112
8329,0,0,0,0,0,1,0,20201121,20201212
8330,0,1,0,0,0,0,0,20201103,20201110
8331,0,0,0,0,0,1,0,20201107,20201114
7207,0,1,0,1,1,0,0,20201103,20201113
8333,1,0,1,1,1,0,0,20201116,20201211
8334,1,0,1,1,1,0,0,20201102,20201113
8335,0,0,0,0,0,0,1,20201108,20201115
8336,0,0,0,0,0,0,1,20201122,20201206
8337,1,0,0,0,0,1,1,20201102,20201115
8338,1,0,0,0,1,1,1,20201116,20201212
8340,1,1,1,1,1,0,1,20201213,20210128
8341,0,0,0,0,0,0,1,20201213,20210124
8342,0,0,0,0,0,1,0,20210104,20210130
8343,1,1,1,1,1,1,0,20201214,20210130
8345,0,0,0,0,1,0,0,20210104,20210129
8347,1,1,1,1,0,0,0,20201214,20210128
8348,0,0,0,0,0,1,1,20201213,20210130
8349,1,0,0,0,0,0,0,20201214,20210125
8350,0,1,1,1,1,1,0,20201215,20210130
8351,0,0,0,0,0,0,1,20201213,20210124
1087,0,0,0,0,0,1,0,20201107,20201114
2304,1,1,1,1,1,0,1,20201102,20201115
6364,1,1,1,1,1,0,1,20201102,20201115
2311,1,1,1,1,1,0,1,20201122,20201211
7413,1,1,1,1,1,1,0,20201102,20201113
987,0,0,0,0,0,0,1,20201129,20201206
8354,0,0,0,0,0,1,0,20201128,20201212
8356,0,0,0,0,0,0,1,20201129,20201206
4521,1,1,1,1,1,0,0,20201102,20201113
3650,1,1,1,1,1,1,1,20201102,20201212
6394,1,1,1,1,1,1,0,20201102,20201114
5092,1,1,1,1,1,1,1,20201102,20201212
970,1,1,1,1,0,0,0,20201116,20201126
8362,0,0,0,0,1,0,0,20201120,20201211
8363,1,1,1,1,0,1,1,20201102,20201115
5607,0,1,1,1,1,0,0,20201103,20201113
5602,1,0,0,0,0,0,0,20201102,20201109
8364,1,1,1,1,0,1,1,20201116,20201212
8365,0,0,0,0,1,0,0,20201106,20201113
1626,0,0,0,0,0,0,1,20201213,20210124
4833,1,1,1,1,0,0,0,20201214,20210128
8366,0,0,0,0,0,0,1,20201213,20210124
1589,1,1,1,1,0,0,0,20210104,20210128
2031,0,0,0,0,0,0,1,20201213,20210124
2447,1,1,1,1,1,1,0,20201214,20210130
2039,1,1,1,1,1,1,0,20210104,20210130
8367,1,1,1,1,1,0,0,20201214,20210129
2933,0,0,0,0,0,1,0,20210104,20210130
2937,1,1,1,1,1,0,0,20201214,20210129
2028,1,1,1,1,1,1,0,20201214,20210102
6207,0,0,0,0,1,0,1,20210104,20210129
8368,0,0,0,0,0,0,1,20201213,20210124
8369,1,1,1,1,1,0,0,20201214,20201231
8370,1,1,1,1,1,0,0,20210104,20210129
5036,0,1,1,1,0,0,0,20201215,20201231
8371,1,1,1,1,1,1,0,20201214,20210130
8372,0,0,0,0,1,1,1,20201213,20210103
1993,1,1,1,1,1,0,0,20201214,20210129
3451,0,0,0,0,1,0,1,20210108,20210129
5975,1,1,1,1,0,0,0,20210104,20210128
3448,0,0,0,1,0,0,1,20201213,20210103
4450,0,0,0,0,1,1,0,20201219,20210102
431,1,0,0,0,0,0,0,20201214,20210125
6143,0,0,0,0,0,1,0,20210109,20210130
5039,0,1,1,1,1,0,0,20210105,20210129
8373,0,0,0,0,0,1,1,20210109,20210130
2573,1,1,1,1,1,1,1,20210104,20210130
3485,1,1,1,1,1,1,1,20201213,20210103
8374,1,1,1,1,1,1,0,20201214,20210130
8375,1,0,0,0,0,0,0,20210104,20210125
8376,0,0,0,0,1,0,0,20210104,20210129
5941,0,0,0,0,1,0,0,20210104,20210129
1333,1,1,1,1,1,0,1,20201213,20210129
8377,0,0,0,0,0,1,0,20210104,20210130
1150,1,1,1,1,1,0,0,20201214,20201231
8378,1,1,1,1,1,0,0,20210104,20210129
8379,0,0,0,0,1,0,0,20210104,20210129
8380,1,1,1,1,0,0,1,20210104,20210128
8381,1,1,1,1,0,0,0,20201221,20201231
8382,0,0,0,0,0,0,1,20201213,20210124
8383,1,1,1,1,1,0,0,20201214,20201218
8384,1,0,0,0,1,1,0,20201214,20210130
8385,1,1,1,0,0,0,0,20201214,20201230
8386,1,1,1,0,0,0,0,20210104,20210127
8387,1,1,1,1,0,0,1,20201213,20210128
8388,1,1,1,0,0,0,1,20201213,20210103
8389,1,0,0,0,0,0,0,20201214,20201228
8390,0,1,1,1,0,0,0,20210104,20210128
8391,0,0,0,1,0,0,0,20201217,20201231
8392,0,0,0,1,0,0,0,20210107,20210128
8393,0,0,0,0,0,0,1,20201213,20210124
8394,0,1,1,1,0,0,1,20210105,20210128
8395,0,0,0,0,0,1,1,20201213,20210130
8396,0,0,0,1,0,0,0,20201218,20201231
8397,0,1,1,0,0,0,1,20201213,20210103
8398,1,1,1,1,0,0,0,20201214,20210128
8399,0,0,0,0,1,1,0,20210104,20210130
8400,0,0,0,0,1,0,0,20210108,20210129
8401,0,0,0,0,0,1,1,20201213,20210130
8402,0,0,0,0,0,1,0,20210104,20210130
8403,1,1,1,1,1,0,0,20201214,20201231
8404,0,0,0,0,1,0,0,20210104,20210129
2608,0,0,0,0,0,0,1,20210110,20210124
8405,0,0,0,0,1,0,0,20210104,20210129
8406,1,1,1,1,1,0,0,20201214,20201231
8407,0,1,1,1,1,0,0,20210105,20210129
8408,1,1,1,1,1,0,0,20210104,20210129
8409,1,0,0,1,0,0,1,20201213,20210103
8410,0,1,1,1,0,0,0,20201215,20201231
8411,1,0,0,0,0,0,0,20201214,20201228
8412,1,1,1,1,1,0,1,20201213,20210129
8413,1,1,1,1,0,0,1,20210104,20210128
8414,1,0,0,0,1,0,0,20210104,20210129
8415,0,1,1,1,0,0,0,20210104,20210128
8416,1,1,1,1,1,0,0,20210104,20210129
8417,1,0,0,0,1,0,0,20201214,20210129
499,0,0,0,0,0,1,1,20201213,20210130
8418,1,1,1,1,0,0,0,20201214,20210128
8419,1,1,1,1,0,0,0,20201214,20210128
8420,1,1,1,0,0,0,1,20201213,20210103
8421,1,0,0,0,0,0,0,20210104,20210125
8422,1,0,0,0,0,0,0,20210104,20210125
8423,1,0,0,0,0,0,0,20201214,20201228
8424,1,0,0,0,0,0,0,20201214,20210125
8425,0,0,0,0,1,1,0,20210104,20210130
8426,0,0,0,0,1,1,0,20201219,20210102
8427,0,1,1,0,0,0,0,20201215,20201230
8428,0,1,1,1,0,0,0,20210105,20210128
8429,0,0,0,0,1,0,1,20201213,20210129
8430,0,1,1,1,0,0,0,20201215,20201231
8431,0,0,0,0,0,1,0,20210109,20210130
8432,0,0,0,0,0,0,1,20210110,20210124
8433,0,0,0,0,0,1,1,20210109,20210130
8434,0,0,0,0,1,1,1,20201213,20210103
8435,0,0,0,1,1,1,0,20201218,20210102
8436,0,1,1,1,1,0,0,20210105,20210129
8437,0,0,0,0,1,1,0,20210108,20210130
8438,0,1,1,1,0,0,0,20210104,20210128
8439,0,0,0,0,0,0,1,20201213,20210103
8440,0,0,0,0,0,0,1,20210110,20210124
8441,0,0,0,1,0,0,1,20201213,20210103
2310,1,1,1,1,0,0,1,20201213,20210128
4037,0,0,0,0,1,0,1,20201213,20210129
8442,1,1,1,1,0,1,0,20201214,20210130
2271,1,1,1,1,0,0,0,20201214,20210128
8443,1,1,1,1,1,1,0,20201214,20210130
5012,1,1,1,1,1,0,0,20201214,20210129
6658,1,1,1,1,1,1,0,20201214,20210130
6654,0,0,0,0,0,0,1,20201213,20210124
6685,0,0,0,0,1,0,1,20201213,20210129
2367,0,0,0,0,1,1,0,20210104,20210130
336,1,1,1,1,1,0,0,20201214,20210129
5513,0,0,0,0,1,0,0,20210104,20210129
8444,0,0,0,0,1,1,1,20201213,20210130
5400,1,0,0,1,1,0,0,20201214,20210129
5402,0,1,1,0,0,0,1,20201213,20210127
8445,0,0,0,0,1,1,1,20201213,20210130
6884,0,0,0,0,1,0,1,20201213,20210129
6655,0,0,1,1,1,0,1,20201213,20210129
6656,1,1,0,0,0,1,0,20201214,20210130
6579,0,0,0,0,0,1,0,20201107,20201122
8446,0,0,1,1,0,0,0,20201203,20201210
8447,1,1,1,1,0,0,0,20201102,20201208
4522,0,0,0,0,1,0,0,20201106,20201113
6515,0,0,0,0,1,0,0,20201120,20201211
3032,0,0,0,0,0,0,1,20201108,20201206
6516,1,1,1,1,0,0,0,20201116,20201210
945,0,0,0,0,0,1,0,20201107,20201212
6592,1,1,1,1,0,0,1,20201102,20201210
6563,0,0,0,0,0,0,1,20201108,20201122
710,1,1,1,1,1,0,0,20201102,20201211
862,0,0,0,0,0,1,0,20201107,20201212
4954,1,1,1,1,1,0,0,20201102,20201211
1535,0,0,0,0,0,1,1,20201128,20201129
2157,1,1,1,1,1,1,1,20201102,20201212
8448,1,0,0,0,0,0,0,20201102,20201130
8450,0,0,0,0,0,0,1,20201108,20201206
8451,0,0,0,0,1,0,0,20201106,20201211
8453,0,0,0,0,1,0,0,20201106,20201211
5151,0,0,0,1,0,0,0,20201105,20201210
8454,1,1,1,1,1,0,0,20201102,20201211
5150,0,0,0,0,1,0,0,20201106,20201211
8455,0,0,0,0,0,1,0,20201107,20201212
8456,0,0,0,0,0,0,1,20201115,20201122
8457,0,1,1,1,0,0,0,20201104,20201210
8459,1,0,0,0,0,0,0,20201102,20201207
2539,1,1,1,1,1,1,0,20201102,20201212
8460,0,0,0,0,1,0,0,20201106,20201211
8461,0,0,0,0,0,0,1,20201108,20201206
6593,1,0,0,0,0,0,0,20201102,20201207
8462,1,1,1,1,1,1,1,20201102,20201212
4509,1,1,1,1,0,1,0,20201102,20201212
8465,0,0,0,0,0,1,0,20201130,20201212
5230,0,0,0,0,0,1,0,20201107,20201212
8466,0,0,0,0,0,1,0,20201107,20201212
8467,0,0,1,1,1,0,0,20201102,20201211
8468,1,1,0,0,0,0,0,20201103,20201208
6519,1,1,1,1,1,1,1,20201102,20201212
8471,0,0,0,0,0,0,1,20201108,20201206
3107,0,0,0,0,0,1,1,20201107,20201212
2689,0,0,0,0,0,1,0,20201219,20210130
8472,0,0,0,0,0,1,0,20201219,20210130
6583,0,0,0,0,0,1,0,20201226,20210102
8473,0,0,0,0,0,0,1,20201213,20210124
6581,0,0,0,0,1,0,0,20201225,20210101
8474,0,0,0,0,0,1,0,20210123,20210130
8475,0,0,0,0,1,1,0,20201219,20210102
8476,0,0,0,0,0,1,0,20210109,20210116
8477,1,1,1,1,1,0,0,20210104,20210125
8478,1,1,1,1,1,0,0,20201214,20201231
8479,0,1,1,1,1,0,0,20210119,20210129
5149,1,0,0,0,1,0,0,20201214,20210129
2295,0,0,0,0,1,0,0,20201218,20210129
8480,0,0,0,1,0,0,0,20201106,20201210
8481,1,1,1,0,1,0,1,20201102,20201211
490,0,0,0,0,0,1,0,20201128,20201212
8482,1,1,1,1,0,0,0,20201102,20201112
8483,1,1,1,1,0,0,0,20201116,20201210
8485,0,0,0,0,0,1,0,20201205,20201212
8486,0,0,0,0,1,1,0,20201106,20201113
8487,0,0,0,0,1,0,0,20201120,20201211
1769,0,1,1,1,0,0,0,20201103,20201112
1768,1,0,0,0,1,0,0,20201116,20201211
8490,1,0,0,0,1,0,0,20201102,20201113
1777,0,1,1,1,0,0,1,20201117,20201210
5714,1,1,1,1,0,1,1,20201102,20201212
5378,1,1,1,1,1,1,0,20201102,20201212
8492,1,1,1,1,0,1,0,20201102,20201212
8493,0,0,0,0,1,0,1,20201107,20201211
8494,1,1,1,1,0,1,1,20201102,20201212
8495,0,0,0,0,1,0,0,20201106,20201113
8496,0,1,1,1,0,0,0,20201103,20201112
8497,0,1,1,1,0,0,0,20201117,20201210
8499,0,0,0,0,1,0,0,20201120,20201211
8500,0,0,1,0,0,0,0,20201118,20201209
2151,0,0,0,0,0,1,0,20201107,20201212
8501,0,1,1,0,0,0,0,20201105,20201111
8502,1,1,0,1,1,1,1,20201116,20201212
8503,1,0,0,1,1,1,1,20201102,20201115
8504,0,0,1,0,0,0,0,20201105,20201202
8505,1,1,0,1,1,1,1,20201102,20201212
4403,1,1,1,1,1,1,1,20201116,20201212
4401,1,1,1,1,1,1,1,20201102,20201115
8506,0,0,0,1,0,1,0,20201106,20201212
8507,1,1,1,0,1,0,1,20201102,20201211
8508,1,1,1,1,0,1,0,20201102,20201212
8509,0,0,0,0,1,0,1,20201107,20201211
389,1,1,1,1,1,0,0,20201102,20201211
321,1,1,1,1,1,0,0,20201130,20201211
342,1,1,1,1,1,0,0,20201102,20201127
4261,0,0,0,0,0,0,1,20201111,20201206
1861,0,0,0,0,0,1,0,20201107,20201212
8510,1,1,1,1,1,0,0,20201102,20201211
4208,0,0,0,0,0,0,1,20201115,20201206
5057,0,0,0,0,0,1,0,20201114,20201212
248,0,0,0,0,0,0,1,20201108,20201206
573,1,1,1,1,1,0,0,20201102,20201211
5132,1,1,1,1,1,0,0,20201102,20201106
1603,1,1,1,1,1,0,0,20201109,20201211
8512,0,0,0,0,0,1,0,20201121,20201212
8513,0,0,0,0,0,1,0,20201107,20201114
144,1,1,0,0,0,0,0,20201102,20201208
2355,0,0,1,1,1,0,0,20201104,20201211
6501,0,0,0,0,1,0,0,20201120,20201127
6500,1,1,1,1,0,0,0,20201102,20201126
429,1,0,0,0,0,0,0,20201102,20201207
8514,0,0,0,0,0,1,0,20201107,20201114
1660,1,1,1,1,0,0,0,20201102,20201210
6499,0,0,0,0,1,0,0,20201106,20201211
8515,0,0,0,0,0,1,0,20201121,20201212
8516,0,0,0,0,0,1,0,20201121,20201212
8517,0,0,0,0,0,1,0,20201107,20201114
8518,1,1,1,1,1,0,0,20201102,20201211
8519,0,0,0,0,0,0,1,20201108,20201206
8520,0,0,0,0,0,1,0,20201107,20201212
4613,1,1,1,1,1,0,1,20210104,20210129
4611,1,1,1,1,0,0,1,20201213,20210103
8521,0,0,0,0,1,1,0,20201219,20210102
8522,0,0,0,0,0,1,0,20210109,20210130
8523,1,1,1,1,1,0,1,20210104,20210129
8524,1,1,1,1,0,0,1,20201213,20210103
4362,0,0,0,0,0,0,1,20201213,20210124
8525,0,0,0,0,0,1,0,20201226,20210102
3689,1,1,1,1,1,0,0,20210125,20210129
6517,1,1,1,1,1,0,0,20210118,20210122
3105,1,1,1,1,1,0,0,20210104,20210115
3688,1,1,1,1,1,0,0,20210104,20210122
5653,1,1,1,1,1,0,0,20210125,20210129
5274,1,1,1,1,1,0,0,20210104,20210115
5272,1,1,1,1,1,0,0,20210125,20210129
5271,1,1,1,0,0,0,0,20201214,20210103
1759,1,1,1,1,1,0,0,20201214,20210129
8526,0,0,0,0,0,1,0,20210104,20210123
5366,1,1,1,1,1,0,0,20210104,20210122
4479,0,0,0,0,0,0,1,20201213,20210124
2676,0,0,0,0,0,1,0,20201219,20210123
4078,0,0,0,0,0,1,0,20201219,20210123
6506,1,1,1,1,1,0,0,20210125,20210129
4926,1,1,1,1,1,0,0,20210104,20210122
4925,1,1,1,1,1,0,0,20210125,20210129
2420,0,0,0,0,0,1,0,20201219,20210123
6504,1,1,1,1,1,0,0,20210104,20210122
4260,0,0,0,0,0,0,1,20201213,20210124
924,1,1,1,1,0,0,0,20201214,20210128
1434,1,1,1,0,0,0,0,20201221,20201230
5365,1,1,1,1,1,0,0,20210125,20210129
2150,0,0,0,0,0,1,0,20201219,20210102
8527,1,1,1,1,1,0,1,20201214,20210129
8529,0,0,0,0,0,1,0,20210104,20210130
2330,0,0,0,0,0,1,1,20201213,20210130
8531,0,0,0,0,0,0,1,20201213,20210124
196,1,1,1,1,1,0,1,20201102,20201211
8532,0,0,0,0,0,0,1,20201213,20210124
1590,0,0,0,1,0,0,0,20201218,20201231
5891,1,1,1,1,0,0,1,20201213,20210128
8533,0,0,0,0,1,0,0,20201225,20210101
6388,0,0,0,0,0,1,1,20201213,20210130
4413,0,1,1,1,0,0,1,20201213,20210128
1157,1,1,1,1,1,1,0,20201214,20210130
5396,1,1,1,1,1,0,0,20210104,20210129
1268,0,0,0,0,1,0,0,20210104,20210129
1711,0,0,0,0,0,0,1,20201115,20201206
6423,0,0,0,0,1,0,0,20210104,20210129
1271,0,0,0,0,1,0,1,20201213,20210129
8534,0,0,0,0,0,1,0,20210104,20210130
8535,1,1,1,1,1,0,0,20210104,20210129
6477,1,1,1,1,1,1,1,20201214,20210130
900,0,0,0,0,0,0,1,20201213,20210124
2865,1,1,1,1,1,0,1,20201213,20210129
8536,0,1,1,1,1,0,0,20210104,20210129
3515,0,0,0,0,1,1,0,20210104,20210130
8537,1,0,0,0,0,0,0,20201214,20210125
6442,0,0,0,0,0,0,1,20210104,20210124
2131,0,0,0,0,0,1,0,20210104,20210130
724,1,1,1,1,1,0,0,20201214,20210129
1171,1,0,0,0,0,0,0,20201214,20210125
5209,0,0,0,0,0,1,0,20210104,20210130
8538,0,0,0,0,1,0,0,20201225,20210101
8539,0,0,0,0,0,0,1,20201220,20210117
6428,0,1,1,1,1,0,0,20210112,20210129
6430,0,0,0,0,0,1,0,20210116,20210123
6420,1,1,1,1,1,0,0,20201214,20201220
8540,0,0,0,0,1,1,0,20201219,20210109
6416,1,1,1,1,1,1,1,20201102,20201212
8541,0,0,0,0,0,0,1,20201213,20210124
8542,1,1,1,1,1,0,1,20201213,20210129
8543,0,0,0,0,0,1,0,20210104,20210130
8544,0,0,0,0,1,0,0,20201225,20210101
8545,0,0,0,0,0,1,0,20201219,20210102
2318,1,1,1,1,1,0,1,20210104,20210129
2316,0,0,0,0,0,1,0,20210109,20210130
2317,1,1,1,1,0,0,1,20201213,20210103
8546,0,0,0,0,0,0,1,20201213,20210124
8547,0,0,0,0,1,0,0,20210104,20210129
8548,0,0,0,1,0,0,0,20201224,20201231
1789,1,1,1,1,1,0,0,20201214,20210129
5250,0,0,0,0,1,0,0,20210104,20210129
8549,0,0,0,0,1,1,1,20201213,20210130
8550,1,1,1,1,0,0,0,20201214,20210128
8551,0,0,0,0,1,0,0,20210104,20210129
5185,1,1,1,1,0,1,0,20210104,20210130
6228,1,1,1,1,0,0,0,20210104,20210128
8552,1,1,1,1,0,0,0,20201214,20210128
507,1,1,1,1,0,0,0,20201214,20201217
8553,1,1,1,1,0,0,0,20201214,20210128
8554,0,0,0,0,0,1,0,20201219,20210130
8555,0,0,0,0,0,1,0,20210104,20210130
8556,1,1,1,1,1,0,0,20201214,20210129
8557,0,0,0,0,1,1,1,20201213,20210130
8558,0,0,0,0,0,1,0,20210104,20210130
8559,0,0,0,0,0,1,0,20210104,20210130
8560,1,1,1,1,1,0,0,20201214,20210129
8561,0,0,0,0,1,0,0,20210104,20210129
8562,0,0,0,0,0,0,1,20201213,20210124
8563,0,0,0,0,0,0,1,20201213,20210124
8564,0,0,0,0,0,1,0,20210104,20210130
8565,0,0,0,0,0,0,1,20201213,20210124
8566,1,0,0,0,0,0,0,20201214,20210125
8567,0,0,0,0,0,0,1,20201213,20210124
8568,1,1,1,1,0,0,0,20210104,20210128
8569,1,1,1,1,1,0,0,20201214,20210129
8570,0,0,0,0,0,0,1,20201213,20210124
8571,1,1,1,1,1,0,0,20201214,20210129
8572,0,0,0,0,0,0,1,20201213,20210124
8573,0,0,0,0,1,0,0,20210104,20210129
8574,1,1,1,1,0,0,0,20201214,20201230
8575,1,1,1,1,0,0,0,20201214,20210128
8576,1,1,1,1,1,0,0,20201214,20210129
8577,0,1,1,1,1,1,1,20201213,20210130
8578,1,1,1,1,0,0,0,20201214,20210128
2133,1,1,1,1,0,1,0,20201214,20210130
8579,1,1,1,1,1,0,0,20210104,20210129
6319,1,1,1,1,1,1,0,20201214,20210130
8580,0,0,0,0,0,0,1,20201213,20210124
8581,1,1,1,1,1,0,0,20210104,20210129
4054,0,0,0,0,0,0,1,20201220,20210117
6353,0,0,0,0,1,0,0,20210104,20210129
4707,0,0,0,0,1,0,0,20210104,20210129
4172,0,0,0,0,1,1,0,20201219,20210103
4640,0,0,0,0,0,1,1,20201123,20201212
5321,1,1,1,1,1,0,0,20201123,20201211
3841,0,0,0,0,0,0,1,20201115,20201206
65,0,0,0,0,1,0,1,20201106,20201211
8583,1,1,1,1,0,0,1,20201102,20201210
1227,0,0,0,0,0,1,0,20201114,20201212
8584,0,0,0,0,1,0,0,20201106,20201211
5490,1,1,1,1,0,1,0,20201102,20201212
8585,0,0,0,0,0,0,1,20201108,20201206
30,1,1,1,1,0,0,0,20201102,20201210
8586,1,1,1,1,1,1,0,20201102,20201212
6321,1,1,1,1,1,1,0,20201102,20201212
8588,1,1,1,1,0,1,1,20201102,20201212
5389,1,1,1,1,1,1,0,20201102,20201212
6333,1,1,1,1,1,1,0,20201123,20201212
6352,0,0,0,0,1,0,0,20201106,20201204
8589,0,0,0,0,0,0,1,20201108,20201206
4730,0,0,0,0,1,0,1,20201106,20201211
8590,1,1,1,1,0,0,0,20201102,20201210
8591,0,0,0,0,1,0,0,20201106,20201211
8592,1,1,1,1,0,0,0,20201102,20201210
8593,0,0,0,0,1,0,0,20201106,20201211
8594,0,0,0,0,1,0,0,20201106,20201211
4718,1,1,1,1,1,0,0,20201102,20201204
3719,0,0,0,0,0,1,1,20201114,20201212
8595,1,1,1,1,1,0,0,20210104,20210129
5285,1,1,1,1,0,0,0,20201214,20210128
6332,0,0,0,0,0,0,1,20201213,20210103
5542,0,0,0,0,0,0,1,20201213,20210103
5544,0,0,0,0,0,0,1,20210110,20210124
2792,0,0,0,0,1,0,0,20210104,20210129
6316,0,0,0,0,1,0,1,20201213,20210129
8597,0,1,1,1,1,0,0,20210104,20210129
8598,1,0,0,0,0,0,0,20201214,20210125
6328,1,1,1,1,1,1,1,20201102,20201212
8599,0,0,0,0,1,0,0,20201106,20201211
4291,0,0,0,0,1,0,0,20201113,20201211
3860,1,1,1,1,0,0,0,20201102,20201210
66,1,1,1,1,1,0,1,20201102,20201211
8600,1,1,1,1,0,0,0,20201102,20201210
6339,1,1,1,1,1,0,0,20201102,20201211
1684,0,0,0,0,0,0,1,20201123,20201206
2797,0,0,0,0,0,1,0,20201128,20201212
4134,0,0,0,0,0,0,1,20201111,20201122
4133,1,0,0,0,0,0,0,20201116,20201211
1710,0,0,0,0,0,1,0,20201114,20201121
2545,0,0,0,0,0,0,1,20201115,20201122
4136,1,1,0,1,1,0,0,20201109,20201120
6314,1,1,1,1,1,1,1,20201102,20201212
6311,0,0,0,0,0,0,1,20201129,20201206
1528,1,1,1,1,1,0,0,20201109,20201123
3823,0,1,0,0,0,0,0,20201201,20201208
1526,1,1,1,1,1,0,0,20201123,20201211
3935,1,1,1,1,1,1,1,20201109,20201123
6307,0,0,0,0,1,0,0,20201120,20201127
6345,0,0,0,0,0,1,0,20201111,20201212
6148,0,0,0,0,0,1,1,20201108,20201212
8602,0,1,1,1,1,0,0,20201103,20201211
3380,0,0,0,0,0,0,1,20201115,20201129
8603,1,0,0,0,0,0,0,20201102,20201207
8604,0,0,0,0,0,0,1,20201115,20201206
6336,1,1,1,1,1,1,0,20201102,20201212
6348,1,1,1,1,1,0,0,20201102,20201211
2917,0,0,0,0,0,1,0,20201114,20201128
4213,1,1,1,1,1,0,0,20201102,20201211
298,1,1,1,1,1,0,0,20201116,20201120
3737,1,1,1,1,1,1,1,20201102,20201212
601,1,1,1,1,1,1,0,20201214,20210130
6369,1,1,1,1,1,1,0,20201102,20201212
8605,0,0,0,0,0,0,1,20201108,20201206
8606,0,0,0,0,1,0,0,20210104,20210129
8607,0,0,0,0,1,0,0,20201106,20201211
8608,0,0,0,0,0,0,1,20201213,20210124
8609,1,1,1,1,1,1,0,20201214,20210130
6346,1,1,1,1,1,0,1,20201213,20201220
6347,1,1,1,1,1,0,0,20210111,20210129
1989,0,0,0,0,0,1,0,20201226,20210102
8611,1,0,0,0,0,0,0,20201214,20210125
8612,0,0,0,0,0,0,1,20201220,20210117
4979,0,0,0,0,0,0,1,20201220,20210103
8614,0,1,1,1,1,0,0,20210104,20210129
8616,0,0,0,0,1,0,0,20201106,20201113
5995,0,0,0,0,0,0,1,20201108,20201206
6029,0,0,0,0,1,0,1,20201106,20201211
8617,0,0,0,0,1,0,0,20201120,20201211
8618,0,0,0,0,0,0,1,20201122,20201206
8619,0,0,0,0,0,0,1,20201108,20201115
3925,1,1,1,1,0,1,0,20201102,20201212
5907,0,0,0,0,0,0,1,20201108,20201206
1784,1,1,1,1,0,1,1,20201102,20201212
8620,1,1,1,1,0,0,0,20201116,20201210
5998,1,0,0,0,0,1,0,20201116,20201212
8621,1,1,1,1,0,0,0,20201116,20201210
5920,0,0,0,0,0,0,1,20201107,20201115
8622,1,1,1,1,0,0,0,20201102,20201112
8623,1,1,1,1,0,0,0,20201102,20201112
6001,0,1,1,1,0,0,0,20201103,20201210
5999,1,0,0,0,0,1,0,20201102,20201114
1355,1,1,1,1,0,0,0,20201102,20201112
8624,0,0,0,0,1,0,0,20201204,20201211
8625,0,0,0,0,0,0,1,20201108,20201206
2091,1,1,1,1,1,1,0,20201102,20201212
6063,0,0,0,0,1,0,1,20201106,20201211
8626,0,0,0,0,1,0,0,20201120,20201127
8627,0,0,0,0,1,0,0,20201106,20201113
8628,1,1,1,1,0,0,0,20201102,20201210
8629,0,1,1,1,0,0,0,20201103,20201112
8630,1,1,1,1,1,0,1,20201102,20201115
8631,0,0,0,0,1,0,0,20201106,20201211
8632,1,0,0,0,0,0,0,20201102,20201207
8634,0,0,0,0,0,0,1,20201108,20201206
8635,0,0,0,0,0,1,0,20201107,20201212
8636,1,1,1,1,1,0,1,20201116,20201211
8637,0,1,1,1,0,0,0,20201117,20201210
8638,1,0,0,0,1,0,0,20201102,20201113
6285,1,0,0,0,0,1,0,20201102,20201114
6077,1,1,1,1,0,0,0,20201102,20201210
8639,0,0,0,0,0,1,0,20201107,20201212
8640,1,0,0,0,1,0,0,20201116,20201211
8641,0,0,0,0,0,1,0,20201107,20201114
8642,0,1,1,1,1,0,0,20201103,20201211
8643,0,0,0,0,0,1,0,20201121,20201212
8644,1,1,1,1,0,1,1,20201102,20201212
6293,0,0,0,0,1,0,0,20201106,20201211
8645,0,0,0,0,0,0,1,20201108,20201206
8646,0,0,0,0,0,0,1,20201108,20201206
1670,1,0,0,0,0,0,1,20201102,20201207
8647,0,0,0,0,0,1,0,20201107,20201212
8648,1,1,1,1,0,0,0,20201102,20201210
1664,0,1,1,1,0,0,0,20201103,20201210
6185,0,1,1,1,1,1,0,20201103,20201212
8649,0,0,0,0,1,1,1,20201106,20201212
1776,1,1,1,1,1,0,0,20201102,20201211
8650,1,0,0,0,0,0,0,20201116,20201207
8651,0,1,1,1,1,1,1,20201107,20201212
8652,1,1,1,1,0,0,0,20201102,20201210
8653,1,1,1,1,0,0,0,20201102,20201210
6032,0,0,0,0,1,0,1,20201106,20201115
8654,1,0,0,0,0,0,0,20201116,20201207
2579,1,1,1,1,0,0,1,20201102,20201115
8655,0,0,0,0,0,1,1,20201107,20201115
8656,0,0,0,0,0,1,1,20201121,20201212
8657,1,0,0,0,0,0,0,20201102,20201109
8658,1,1,1,1,0,0,0,20201116,20201210
8659,1,1,1,1,0,0,0,20201102,20201112
8660,0,1,1,1,1,1,1,20201107,20201212
8661,0,1,0,1,1,0,1,20201103,20201115
8662,1,0,0,0,0,0,1,20201116,20201207
8663,1,0,0,0,0,0,0,20201116,20201207
188,0,0,0,0,0,0,1,20201108,20201206
8664,0,0,0,0,0,0,1,20201122,20201206
8665,0,0,0,0,0,0,1,20201108,20201115
8666,1,0,0,0,0,0,1,20201102,20201115
8667,1,0,0,0,0,0,0,20201102,20201109
8668,0,0,0,0,1,0,0,20201106,20201211
8670,1,0,1,1,1,0,0,20201116,20201211
8671,1,0,1,1,1,0,0,20201102,20201113
8672,1,0,0,0,0,0,0,20201102,20201109
8673,1,1,1,1,0,1,0,20201102,20201212
8674,0,1,1,1,0,0,0,20201103,20201112
8675,0,1,1,1,0,0,0,20201117,20201210
8676,0,1,1,1,1,0,0,20201117,20201211
8677,0,0,0,0,1,1,0,20201106,20201114
8678,0,1,1,1,1,0,0,20201103,20201113
8680,0,1,0,0,0,1,1,20201103,20201115
8681,0,1,0,1,1,0,1,20201103,20201115
8682,0,1,0,0,0,1,1,20201117,20201212
8683,0,0,0,0,1,1,0,20201120,20201212
6281,0,0,0,0,1,0,0,20201106,20201113
8684,1,0,1,1,1,0,0,20201116,20201211
8685,1,0,0,0,0,0,0,20201102,20201111
8686,0,1,0,0,0,0,0,20201117,20201208
8687,0,1,1,1,1,0,0,20201103,20201113
8688,0,0,0,0,0,0,1,20201108,20201115
8689,0,0,0,0,0,0,1,20201122,20201206
8690,0,0,0,0,0,1,1,20201121,20201212
8691,0,0,0,0,0,1,1,20201107,20201115
8692,1,1,1,1,0,0,0,20201116,20201210
8693,0,0,0,0,1,1,0,20201106,20201114
8694,1,1,1,1,0,0,0,20201102,20201112
8695,0,0,0,0,1,1,0,20201120,20201212
1138,0,0,0,0,0,0,1,20210110,20210124
1332,0,0,0,0,1,0,1,20201213,20210129
5873,0,0,0,1,0,0,0,20201224,20201231
8696,1,1,1,1,1,0,0,20201214,20210129
8697,0,1,1,1,0,0,0,20210104,20210128
8698,0,0,0,0,0,0,1,20201213,20210124
8699,0,0,0,0,1,0,0,20210104,20210129
8700,1,1,1,1,0,0,0,20201214,20210128
8701,0,0,0,1,1,0,0,20201218,20210101
8702,0,0,0,0,0,1,0,20210109,20210130
8703,0,0,0,0,1,0,0,20210108,20210129
8704,0,0,0,1,0,0,0,20201224,20201231
8705,1,0,0,0,0,1,0,20201214,20210130
8706,0,0,0,0,0,1,0,20201219,20210130
6002,0,0,0,0,1,0,0,20210104,20210129
5921,1,1,1,1,0,1,1,20210104,20210130
8707,1,1,1,1,0,0,0,20201214,20201230
8708,1,1,1,1,0,0,0,20210104,20210128
8709,1,1,1,1,0,0,0,20201214,20210128
8710,0,0,0,0,0,0,1,20201213,20210124
8711,1,1,1,1,0,0,0,20210104,20210128
8712,1,1,1,1,1,0,0,20201214,20210129
8713,0,0,0,0,0,1,0,20210104,20210130
8714,0,1,1,1,0,0,0,20210104,20210128
8715,0,0,0,1,0,0,0,20201218,20201231
8716,0,0,0,0,0,0,1,20201213,20210124
8717,1,1,1,1,1,0,0,20201214,20210129
8718,0,0,0,0,0,0,1,20201213,20210124
8719,0,0,0,0,1,1,1,20201213,20210130
8720,0,0,0,0,1,0,0,20210108,20210129
8721,1,0,0,0,0,0,0,20201214,20210125
8722,1,1,1,1,0,0,0,20201214,20201230
8723,0,0,0,0,1,0,1,20201213,20210129
8724,1,1,1,1,1,0,0,20201214,20210129
8725,0,0,0,0,0,1,0,20210104,20210130
8726,0,0,0,0,0,1,0,20210104,20210130
8727,1,1,1,1,1,0,0,20201214,20210129
8728,1,0,0,0,0,0,0,20201214,20210125
8729,1,1,1,1,1,0,0,20201214,20210129
8730,1,1,1,1,0,0,0,20201214,20210128
8731,0,1,1,1,1,1,1,20201213,20210130
8732,0,0,0,0,0,1,0,20210109,20210130
8733,1,1,1,0,0,0,1,20201213,20210103
8734,0,0,0,0,1,1,0,20201219,20210102
6074,1,1,1,1,0,0,0,20210104,20210128
8735,0,0,0,0,0,0,1,20210110,20210124
8736,1,1,1,1,1,1,1,20201213,20210130
6286,1,0,0,0,0,1,0,20201214,20210130
8737,1,1,1,1,1,0,0,20210104,20210129
8738,1,1,1,1,1,0,0,20201214,20201231
8739,0,0,0,0,0,1,0,20210109,20210130
8740,0,0,0,0,0,1,0,20201219,20210102
8741,0,0,0,0,1,0,0,20201225,20210101
2581,1,1,1,1,1,1,1,20201213,20210103
8742,0,0,0,0,0,1,0,20210109,20210130
8743,1,1,1,1,1,1,1,20201213,20210103
8744,1,1,1,1,1,1,1,20210104,20210130
8745,1,1,1,1,1,0,0,20210104,20210129
8746,1,1,1,1,1,0,0,20210104,20210129
6099,0,0,0,0,0,0,1,20201213,20210103
8747,1,1,1,1,1,1,0,20201214,20210102
683,0,0,0,0,0,1,1,20201213,20210130
6456,1,1,1,1,1,0,0,20201214,20210129
8748,0,0,0,0,0,1,0,20210104,20210130
8749,1,0,0,0,0,0,0,20201214,20210125
8750,0,0,0,0,0,0,1,20201213,20210124
5430,0,0,0,0,1,0,0,20210104,20210129
6119,0,0,0,0,1,0,0,20210104,20210129
8751,0,1,1,1,0,0,0,20210104,20210128
8752,1,1,1,1,1,0,1,20201213,20210129
8753,1,1,1,1,1,0,1,20201213,20210129
2467,1,1,1,1,1,1,1,20201213,20210130
8754,1,1,1,1,0,0,0,20201214,20210128
6258,0,1,1,1,0,0,1,20201213,20210128
8755,0,0,0,0,1,0,0,20210104,20210129
8756,1,0,0,0,1,0,0,20210104,20210129
8757,0,1,1,1,1,1,1,20201213,20210130
8758,1,1,1,1,1,0,0,20201214,20210129
8759,0,0,0,0,0,1,0,20201219,20210130
8760,1,0,0,0,0,0,0,20201214,20210125
8761,0,0,0,0,0,1,0,20210104,20210130
4764,0,0,0,0,0,0,1,20201213,20210124
6223,0,0,0,0,1,0,0,20210104,20210129
8762,1,1,1,1,1,1,0,20201214,20210130
8763,1,0,1,1,1,0,0,20201214,20210129
340,1,1,1,1,1,1,0,20201214,20210130
8764,0,0,0,0,0,0,1,20201213,20210124
8765,0,1,0,0,0,1,1,20201213,20210130
8766,0,0,0,0,0,0,1,20201213,20210124
8767,0,1,1,1,0,0,0,20210104,20210128
5890,1,1,1,1,0,0,1,20201213,20210128
8768,0,1,1,1,1,0,0,20210104,20210129
8769,1,0,0,0,0,0,0,20201214,20210125
8770,0,1,1,1,1,1,0,20201215,20210130
8771,1,0,0,0,0,0,0,20201214,20210125
6273,0,0,0,0,0,0,1,20201213,20210124
6247,0,0,0,0,0,0,1,20201213,20210117
2716,0,0,0,0,0,0,1,20201213,20210124
8772,0,1,1,1,0,0,0,20210104,20210128
6221,1,0,0,0,0,0,0,20201214,20201228
8773,1,0,0,0,1,0,0,20201214,20210129
6171,1,0,0,0,0,0,0,20210104,20210125
4894,0,0,0,0,0,1,1,20210109,20210130
2149,0,0,0,0,1,1,1,20201213,20210103
8774,1,1,1,1,1,0,0,20201214,20210129
8775,1,1,1,0,1,1,0,20201214,20210102
8776,1,1,1,1,0,1,0,20210104,20210130
8777,0,0,0,0,1,0,1,20210108,20210129
8778,0,0,0,1,0,0,1,20201213,20210103
8779,0,0,0,0,0,1,1,20201213,20210130
6100,0,0,0,0,0,1,0,20210109,20210130
8780,1,1,1,1,0,1,0,20201214,20210130
8781,0,1,1,1,1,0,0,20210104,20210129
8782,0,0,0,0,1,0,1,20201213,20210129
8783,1,0,0,0,0,0,0,20201214,20210125
5379,0,0,0,0,0,1,0,20201219,20210130
5381,0,0,0,0,0,0,1,20201213,20210124
8784,1,1,1,1,1,1,0,20201214,20210102
8785,0,1,1,1,1,1,0,20210119,20210130
8786,1,1,1,1,1,1,0,20210104,20210125
8787,0,0,0,0,0,0,1,20210110,20210124
8788,0,0,0,0,0,0,1,20201213,20210103
251,1,1,1,1,1,1,1,20201102,20201212
1946,1,1,1,1,1,1,1,20201213,20210117
6471,0,1,1,1,1,1,1,20210119,20210130
6470,1,0,0,0,0,0,0,20210118,20210125
8789,1,1,1,1,0,0,0,20201221,20201231
8790,0,0,0,0,1,0,0,20201225,20210101
8791,0,0,0,0,1,0,1,20201213,20210129
6473,0,0,0,0,1,0,0,20210104,20210129
451,1,1,1,1,0,0,0,20201214,20210128
8792,0,0,0,0,0,0,1,20201213,20210124
5128,0,0,0,0,0,0,1,20201220,20201227
8793,0,0,0,0,1,1,0,20210122,20210130
8794,1,1,1,1,0,0,0,20210104,20210114
8795,1,1,1,1,0,0,0,20210118,20210128
8796,0,0,0,0,1,1,0,20201218,20210116
2182,1,1,1,1,1,0,0,20201214,20210129
8797,0,0,0,1,0,0,0,20201224,20201231
3857,0,0,0,0,0,0,1,20201213,20210124
8798,0,0,0,0,1,0,0,20210104,20210129
2636,0,0,0,0,0,0,1,20201213,20210124
2652,0,0,0,0,0,0,1,20201213,20210124
8799,0,0,0,0,0,0,1,20210110,20210124
8800,0,0,0,0,0,0,1,20201213,20210103
8801,1,1,1,1,0,0,0,20201214,20201230
8802,1,1,1,1,0,0,0,20210104,20210128
8803,1,0,0,0,0,0,0,20210104,20210125
8804,1,0,0,0,0,0,0,20201214,20201228
8805,0,1,1,1,1,0,0,20210105,20210129
8806,0,1,1,1,0,0,0,20201215,20201231
8807,0,0,0,0,0,0,1,20201213,20210124
8808,0,0,0,0,0,0,1,20201213,20210124
8809,0,0,0,0,0,1,0,20201226,20210102
8810,0,0,0,0,0,1,0,20210104,20210130
8811,0,0,0,0,0,0,1,20201213,20210124
523,1,1,1,1,1,0,0,20201214,20210129
6511,1,1,1,1,1,1,0,20201214,20210130
3895,0,0,0,0,1,1,0,20201219,20210103
8812,0,0,0,0,0,1,1,20201213,20210130
5965,1,1,1,1,1,1,1,20201213,20210130
8813,0,0,0,0,0,1,0,20201226,20210102
1643,0,0,0,0,1,0,0,20210104,20210129
8814,1,1,1,1,1,1,0,20201214,20210130
8816,1,1,1,1,1,1,1,20201213,20210130
8819,1,1,1,1,1,0,0,20201214,20210129
8820,1,1,1,1,1,1,0,20201214,20210130
8821,0,0,0,0,0,1,0,20201219,20210130
8822,1,1,1,1,1,1,1,20201213,20210130
8824,0,0,0,0,0,1,0,20201226,20210102
8825,0,0,0,0,0,0,1,20201213,20210124
8827,1,1,1,1,1,0,1,20201213,20201220
6879,1,1,1,1,0,0,0,20201214,20201224
8828,1,1,1,1,0,0,0,20210111,20210128
8829,0,0,0,0,1,0,0,20210104,20210129
8830,1,0,0,0,0,0,0,20201214,20210125
6853,0,0,0,0,0,0,1,20201220,20210124
5639,0,0,0,0,1,0,0,20210104,20210129
8831,0,0,0,0,1,0,0,20210104,20210129
6857,0,0,0,0,0,1,0,20210104,20210130
8832,0,0,0,0,0,1,1,20201213,20210130
8833,0,0,0,0,0,1,0,20201219,20210130
8834,0,0,0,0,0,1,0,20201226,20210102
8835,0,0,0,0,0,1,1,20201213,20210130
6871,0,0,0,0,0,1,0,20210104,20210130
8836,0,0,0,0,0,1,0,20201219,20210130
8837,0,0,0,0,0,1,1,20210104,20210130
2972,0,0,0,0,0,1,0,20201219,20210102
8838,0,0,0,1,1,0,0,20201228,20210129
8839,0,0,0,0,1,0,0,20210104,20210129
8840,0,0,0,0,0,1,0,20210109,20210130
8841,0,0,0,0,0,1,1,20201213,20210130
8842,0,0,0,0,0,1,1,20201213,20210130
8843,0,0,0,0,0,0,1,20201213,20210124
8844,0,0,0,0,0,1,1,20201213,20210130
8845,0,0,0,0,0,1,1,20201213,20210130
8846,0,0,0,0,0,1,0,20201219,20210130
8847,0,0,0,0,0,1,1,20201219,20210130
2648,0,0,0,0,0,1,1,20201114,20201122
8848,0,0,0,0,0,1,1,20201213,20210124
3671,0,0,0,0,0,0,1,20201123,20201206
1527,1,1,1,1,1,0,0,20201214,20210129
8849,0,0,0,0,0,1,1,20201213,20210124
3982,1,1,1,1,1,0,0,20201214,20210129
8851,0,0,0,0,1,1,1,20201213,20210129
7849,0,0,0,0,0,1,1,20201111,20201122
7846,1,1,1,1,1,0,0,20201116,20201211
7844,0,0,0,0,0,1,1,20201123,20201212
663,1,1,0,1,1,0,0,20201109,20201113
7780,1,1,1,1,1,0,0,20201214,20210129
7782,1,0,0,0,0,0,0,20201116,20201123
3976,0,0,0,0,0,1,1,20201128,20201212
1658,1,1,1,1,0,0,0,20201109,20201112
3462,1,1,1,1,0,0,0,20201102,20201105
5661,0,0,0,0,0,1,1,20201123,20201212
8852,0,0,0,0,0,1,1,20201213,20210124
7449,0,0,0,0,0,1,1,20201123,20201212
2798,0,0,0,0,1,1,0,20201219,20210103
8854,0,0,0,0,0,1,1,20201213,20210124
8855,0,0,0,0,0,1,1,20201213,20210124
8857,1,1,1,1,1,0,0,20201214,20201220
8858,0,0,0,1,1,1,1,20201218,20210103
8859,1,1,1,1,1,1,1,20201213,20210129
8860,0,0,0,0,0,0,1,20201213,20210124
8861,0,0,0,0,1,1,1,20201221,20210103
8862,1,1,1,1,1,0,0,20201214,20210129
8863,1,1,1,1,1,0,1,20201213,20210129
8864,1,1,1,1,1,1,1,20201102,20201212
8865,0,0,1,1,0,0,0,20201104,20201105
6135,1,1,1,1,1,1,1,20201102,20201212
1,1,1,1,1,1,1,1,20201102,20201211
409,0,0,0,0,1,1,0,20201106,20201212
6792,1,1,1,1,1,1,0,20201102,20201212
8866,0,0,0,0,1,0,0,20201106,20201211
1749,0,1,1,0,0,0,0,20201103,20201104
8868,1,1,1,1,1,1,1,20201102,20201212
1751,1,1,1,1,1,1,1,20201102,20201212
8869,0,0,0,0,0,0,1,20201213,20210124
8870,0,0,0,0,0,1,0,20201219,20210130
8871,0,0,0,0,1,0,0,20210104,20210129
1191,0,0,0,0,0,1,0,20201219,20210130
1870,0,0,0,0,0,1,0,20201225,20210130
8872,0,0,0,0,0,1,1,20201213,20210130
1869,0,0,0,0,0,1,0,20201219,20210102
8874,0,1,1,1,1,0,0,20201117,20201127
5702,0,0,1,0,0,1,1,20201111,20201115
5699,1,1,1,1,1,1,1,20201102,20201212
6803,1,1,1,1,1,1,0,20201102,20201114
2514,0,1,1,1,1,0,0,20201103,20201211
6676,1,1,1,1,1,1,1,20201102,20201212
6678,0,0,1,0,0,1,1,20201111,20201115
8875,1,1,1,1,0,0,0,20201102,20201210
2524,0,0,0,0,0,1,1,20201107,20201212
7502,1,1,1,1,1,1,1,20201102,20201115
5225,1,1,1,1,1,0,1,20201102,20201115
8878,1,1,1,1,1,1,1,20201102,20201115
8879,0,0,1,1,0,0,0,20201104,20201105
2256,1,0,0,0,0,0,0,20201102,20201207
2257,0,1,0,0,0,0,0,20201201,20201210
6644,0,0,0,0,0,1,1,20201107,20201115
2254,0,1,0,0,0,0,0,20201103,20201113
5239,1,1,1,1,0,0,0,20201102,20201210
7680,0,0,0,0,0,1,1,20201107,20201212
6832,0,0,0,0,0,1,0,20201107,20201114
8881,1,1,1,1,1,0,0,20201102,20201211
7513,1,1,1,0,1,0,0,20210111,20210122
8882,1,1,1,0,1,0,0,20210125,20210129
8883,1,1,1,1,1,1,1,20201213,20210129
363,0,0,0,0,0,1,0,20201107,20201212
6399,1,1,1,1,1,0,0,20201123,20201211
830,1,1,1,1,1,0,0,20201116,20201126
6382,0,0,0,0,0,0,1,20201108,20201206
8885,1,1,1,1,1,1,1,20201213,20210124
8886,1,1,1,1,1,1,1,20201214,20210130
8887,0,1,1,1,1,1,1,20201215,20210130
7055,0,1,1,1,0,0,0,20210104,20210128
8888,1,0,0,0,0,0,0,20201221,20210125
8889,0,0,0,0,1,1,1,20210104,20210130
8890,1,1,1,1,1,0,0,20210104,20210129
8891,0,0,0,0,1,1,0,20210104,20210130
8892,0,0,0,0,0,1,1,20210104,20210130
8893,1,1,1,1,0,0,1,20201213,20210128
8894,1,1,1,1,1,1,1,20201214,20210130
479,0,0,0,0,0,1,0,20201107,20201212
84,0,1,1,1,1,0,0,20201103,20201211
5325,1,1,1,1,0,0,0,20201102,20201119
12,1,0,0,0,0,0,0,20201102,20201207
4844,0,0,0,0,1,0,1,20201106,20201211
6773,1,1,1,1,0,1,0,20201102,20201212
6048,0,1,1,1,0,1,0,20201103,20201212
2844,1,1,1,1,0,1,0,20201102,20201212
6733,1,1,1,1,0,1,0,20201102,20201212
6737,0,0,0,0,1,0,1,20201108,20201211
5329,0,0,0,0,1,0,0,20201106,20201120
6724,0,0,0,0,1,0,1,20201106,20201211
5178,1,1,1,1,0,1,0,20201102,20201212
4373,1,1,1,1,1,1,0,20201102,20201212
126,1,1,1,1,1,0,0,20201102,20201211
4847,1,1,1,1,0,1,0,20201102,20201212
259,1,1,1,1,0,0,0,20201102,20201210
3359,1,1,1,1,1,0,1,20201104,20201211
3223,0,1,1,0,0,0,0,20201103,20201104
6762,1,1,1,1,1,0,0,20201102,20201211
6707,0,0,0,0,0,1,1,20201107,20201212
1331,0,0,0,0,1,0,1,20201106,20201211
3220,0,1,1,1,1,0,0,20201105,20201120
215,1,1,0,0,0,0,0,20201102,20201103
6602,1,0,0,0,0,0,1,20201102,20201122
8898,1,1,1,1,0,1,0,20201102,20201212
8899,0,0,0,0,1,0,0,20210104,20210129
8900,0,0,0,0,0,0,1,20201213,20210124
8901,0,0,0,0,0,1,0,20201219,20210130
8902,0,0,0,0,0,0,1,20201213,20210124
8903,0,0,0,0,0,1,0,20201219,20210130
6776,0,0,0,0,0,0,1,20201213,20210124
8904,0,0,0,0,0,1,0,20201219,20210130
8905,0,0,0,0,0,1,1,20201213,20210130
59,0,0,0,1,1,0,0,20201105,20201211
2023,0,0,0,0,1,1,1,20201106,20201212
3,1,1,1,1,1,0,1,20201102,20201211
2022,1,1,1,1,0,0,0,20201102,20201210
8906,1,1,1,1,1,0,1,20201102,20201211
839,1,1,1,1,1,1,0,20201102,20201212
8908,1,1,1,1,1,1,0,20201102,20201212
2101,1,1,1,1,1,1,1,20201213,20210129
2992,1,1,1,1,1,1,1,20201214,20210129
6794,1,1,1,0,1,1,0,20201214,20210129
6699,1,0,0,0,1,1,1,20201213,20210129
6880,1,1,1,1,1,1,1,20201213,20210129
3818,0,0,0,0,1,1,0,20210104,20210129
7756,1,1,1,1,1,1,1,20201213,20210129
6322,1,1,1,1,1,1,1,20201213,20210129
6634,1,1,1,1,1,0,1,20201213,20210129
8910,1,0,0,0,1,1,1,20201214,20210129
1748,0,1,1,1,1,1,1,20201215,20210129
6703,0,0,0,0,0,1,1,20210104,20210124
6786,1,1,1,1,1,1,1,20201214,20210129
2325,0,0,0,0,0,1,1,20201213,20210130
6692,0,0,0,0,0,1,1,20201107,20201212
4742,0,0,0,0,0,1,1,20201116,20201212
1182,1,1,1,1,1,0,0,20201130,20201204
6796,1,1,1,1,1,1,0,20201102,20201212
752,1,1,1,1,1,1,1,20201213,20210130
4871,1,1,1,1,1,0,0,20201102,20201211
762,1,1,1,1,1,1,1,20201213,20210130
8911,1,1,1,1,1,1,1,20201102,20201212
2963,1,1,1,1,1,1,1,20201213,20210130
700,1,1,1,1,1,1,1,20201102,20201212
8913,1,1,1,1,0,1,0,20201102,20201212
5514,1,1,1,1,0,0,0,20201102,20201210
97,1,0,0,1,1,0,0,20201102,20201211
6624,1,1,1,1,0,0,1,20201102,20201210
63,0,0,0,1,1,0,1,20201105,20201211
5512,0,0,0,0,1,0,0,20201106,20201211
5011,1,1,0,0,0,0,0,20201102,20201208
5009,0,0,1,1,1,0,0,20201104,20201211
383,0,0,0,0,0,0,1,20201108,20201206
5192,0,0,1,1,1,1,1,20201104,20201212
3643,0,1,1,1,1,0,0,20201103,20201211
3642,1,0,0,0,0,0,0,20201102,20201207
4886,0,1,0,0,1,0,0,20201106,20201211
7823,1,1,1,1,1,0,0,20201102,20201211
1916,1,1,1,1,1,1,1,20201213,20210130
8916,1,1,1,1,0,0,0,20201102,20201203
6584,0,0,0,0,1,1,1,20201106,20201212
6587,1,1,1,0,0,0,0,20201130,20201210
3861,0,0,0,0,1,1,1,20201106,20201212
6568,1,1,1,1,1,1,1,20201102,20201212
1357,1,1,1,1,1,1,0,20201102,20201113
269,0,0,0,0,0,1,1,20201205,20201212
2005,0,1,1,1,1,1,0,20201103,20201212
8917,1,1,1,1,1,0,0,20210105,20210115
6409,1,1,1,1,1,1,1,20201102,20201211
8920,1,1,1,1,1,1,0,20201214,20210128
8921,0,0,0,0,0,0,1,20201213,20210124
8922,1,1,1,1,1,0,0,20201214,20210129
8923,0,0,0,0,0,0,1,20210104,20210124
8924,0,0,0,0,0,1,0,20201219,20210123
8925,0,0,0,0,0,0,1,20201228,20210117
8927,1,1,1,1,0,0,0,20201214,20210110
8929,0,0,0,0,0,0,1,20201225,20210103
8930,1,1,1,1,1,0,0,20210105,20210129
8931,0,0,0,0,1,1,0,20201218,20210123
8932,0,0,0,0,0,0,1,20201213,20210124
8934,0,0,0,0,0,1,0,20201219,20210123
8935,1,0,0,0,0,0,0,20201214,20210125
8936,0,0,0,0,0,0,1,20210104,20210124
4317,0,0,0,0,1,1,1,20201106,20201211
2633,1,1,1,1,1,1,1,20201102,20201212
7509,0,0,0,0,0,1,1,20201107,20201212
7512,1,1,1,1,1,0,0,20201109,20201119
243,1,1,1,1,1,0,0,20201123,20201211
1563,1,1,1,1,1,0,0,20201102,20201106
7507,1,0,1,0,1,0,0,20201116,20201120
835,1,1,1,1,1,0,0,20201102,20201106
5846,0,0,0,0,0,1,0,20201123,20201212
5842,0,0,0,0,0,0,1,20201123,20201206
4794,1,1,1,1,1,1,1,20201125,20201212
4799,1,1,1,1,1,1,1,20201102,20201124
359,0,0,0,0,0,1,0,20201107,20201212
1805,1,1,1,1,1,0,1,20201102,20201211
8937,0,0,0,0,0,1,0,20201107,20201212
6380,1,0,0,0,0,0,1,20201102,20201207
4288,0,0,0,0,0,0,1,20201108,20201206
6343,0,0,0,1,0,0,0,20201224,20201231
6338,0,0,0,0,0,1,0,20210104,20210130
6337,1,1,1,1,1,0,0,20201214,20210129
1392,0,1,0,0,0,0,0,20201103,20201110
8938,1,1,1,1,1,1,0,20201214,20210130
8939,0,0,0,0,0,1,1,20201107,20201115
2574,0,0,0,0,1,1,0,20201106,20201114
3953,1,1,1,1,1,1,1,20201213,20210130
8940,0,0,0,0,0,1,1,20201213,20210130
8942,1,1,1,1,1,1,0,20201214,20210130
8943,1,1,1,1,1,1,0,20201214,20210130
647,1,1,1,1,1,0,0,20201214,20210129
8944,0,0,0,0,0,0,1,20201213,20210124
6166,0,0,0,0,1,1,0,20201120,20201212
6065,0,0,0,0,0,0,1,20201213,20210124
8946,1,1,1,1,1,0,1,20201213,20210129
6284,1,1,1,1,1,1,1,20201213,20210130
8947,1,1,1,1,1,1,0,20201214,20210130
8948,0,0,0,1,0,0,0,20201224,20201231
8949,0,0,0,0,0,1,0,20201226,20201228
8950,0,0,0,0,0,0,1,20201213,20210124
8951,0,0,0,0,0,0,1,20201213,20210124
8953,1,0,0,0,0,1,0,20201228,20210102
8954,0,0,0,0,0,1,0,20201226,20210102
8955,1,1,1,1,1,1,0,20201214,20210130
8956,1,1,1,1,1,0,0,20201214,20210129
8957,1,1,1,1,1,1,0,20201214,20210130
8958,1,0,0,0,0,1,0,20201226,20210102
8959,0,0,0,0,0,1,0,20201219,20210130
8960,1,1,1,1,1,1,1,20201213,20210130
8962,1,1,1,1,1,1,0,20201214,20210130
8963,1,1,1,1,1,0,1,20201213,20210129
8964,0,0,0,0,0,1,0,20201219,20210123
5454,1,1,1,1,1,0,0,20201214,20210129
8965,1,1,1,1,1,0,0,20201102,20201211
4210,0,0,0,0,0,1,0,20210104,20210117
8967,0,0,0,0,0,1,1,20210104,20210130
8968,0,0,0,0,0,1,0,20201219,20210130
8969,0,0,0,0,0,1,1,20201213,20210130
4668,0,0,0,0,0,1,0,20201219,20210130
8970,1,1,1,1,1,1,0,20201214,20210130
1516,1,1,1,1,1,0,0,20201214,20210129
4206,0,0,0,0,1,1,1,20201219,20210103
5343,1,1,1,1,1,0,0,20201116,20201211
8971,1,1,1,1,1,1,1,20201213,20210129
5340,0,0,0,0,0,1,1,20201116,20201212
6836,1,1,1,1,0,0,0,20201123,20201210
5326,0,0,0,0,0,1,0,20210104,20210130
4846,1,1,1,1,1,1,1,20201213,20210130
6835,0,0,0,0,1,0,1,20201123,20201211
6613,1,1,1,1,1,1,0,20201214,20210130
8973,1,1,1,1,0,1,0,20201102,20201212
6603,1,1,1,1,1,1,1,20210111,20210130
2619,1,1,1,1,1,1,0,20210111,20210130
6601,1,1,1,1,1,1,1,20201213,20210110
6761,1,1,1,1,1,1,0,20201214,20210109
6800,1,1,1,1,1,1,1,20201213,20210130
5568,0,0,0,0,0,1,1,20201213,20210130
4321,1,1,1,1,1,1,1,20201213,20210130
4684,1,1,1,1,1,1,1,20201102,20201212
3304,0,0,0,0,0,0,1,20201213,20210124
8001,0,0,0,0,0,1,0,20210104,20210130
8000,0,0,0,1,0,0,0,20201218,20201231
8005,1,1,1,1,1,0,0,20210104,20210129
6562,1,1,1,1,1,0,0,20201214,20210129
4934,1,1,1,1,1,1,1,20210118,20210130
3121,1,1,1,1,1,1,1,20201213,20210130
2461,0,0,0,0,0,1,0,20201219,20210123
2061,1,1,1,1,1,1,1,20201214,20210130
6126,1,1,1,1,1,1,1,20201102,20201211
82,0,0,0,0,1,1,1,20201106,20201211
1196,1,1,1,1,1,0,0,20201214,20210129
5058,0,0,0,1,1,1,1,20201217,20210130
2060,0,0,0,0,0,1,1,20201213,20210130
7716,0,0,0,0,0,1,0,20201107,20201205
7053,0,0,0,0,1,1,1,20210104,20210130
234,1,1,1,1,1,0,0,20201102,20201113
6694,1,1,1,1,1,0,1,20201214,20210129
3636,0,0,0,0,0,1,0,20210109,20210130
4326,0,0,0,0,0,0,1,20201220,20210124
5425,0,0,0,0,0,1,0,20210104,20210130
3602,1,1,1,1,1,0,1,20201213,20210129
4535,0,0,0,0,0,0,1,20201213,20210124
5297,0,0,0,0,0,0,1,20201213,20210124
4443,1,0,0,0,0,0,1,20201213,20210125
7959,0,0,0,0,1,0,0,20210104,20210129
3663,0,0,0,0,0,1,0,20201114,20201212
4444,1,1,1,1,0,0,1,20201109,20201210
4446,1,1,1,1,0,0,1,20201102,20201108
2026,1,0,0,0,0,0,0,20201214,20210125
6711,1,0,0,0,0,1,1,20201213,20210130
2458,1,1,1,1,1,0,0,20201214,20210129
6704,1,1,1,1,1,0,1,20201102,20201108
2737,0,0,0,0,1,0,0,20201113,20201211
6620,1,1,1,1,1,0,1,20201109,20201211
195,1,1,1,1,1,0,0,20201102,20201106
2137,0,0,0,0,0,1,0,20201130,20201212
176,1,1,1,1,1,0,0,20201109,20201211
6767,0,0,0,0,1,0,0,20201127,20201211
6622,1,1,1,1,0,0,1,20201102,20201108
6765,0,0,0,0,0,0,1,20201111,20201206
6831,1,1,1,1,1,0,1,20201102,20201108
6716,1,1,1,1,1,0,1,20201102,20201211
6038,0,0,0,0,1,1,0,20201113,20201212
6037,0,0,0,0,1,1,0,20201106,20201107
6766,0,0,0,0,0,1,0,20201107,20201212
1659,1,1,1,1,0,0,0,20201102,20201105
7850,1,1,1,1,0,0,0,20201109,20201210
2122,0,0,0,0,0,1,1,20201114,20201212
6709,0,0,0,0,0,1,1,20201107,20201108
3600,0,0,0,0,0,0,1,20201108,20201129
2559,1,1,1,1,1,0,0,20201109,20201113
3043,0,0,0,0,0,1,1,20201107,20201212
6673,0,0,0,0,0,1,1,20201107,20201212
6619,1,1,1,1,1,1,0,20201102,20201212
6668,1,0,0,1,1,0,0,20201102,20201106
1543,0,0,0,0,1,1,1,20201106,20201212
5869,1,1,1,1,1,0,1,20201214,20210129
6754,0,0,0,0,0,0,1,20201220,20210124
1860,1,1,1,1,1,1,1,20201214,20210130
2730,1,0,0,0,1,0,1,20201214,20210129
3910,1,1,1,1,1,1,0,20201214,20210130
4711,0,0,0,0,0,0,1,20201220,20210124
2389,1,1,1,1,1,1,1,20201215,20210130
6757,1,0,0,0,0,0,0,20201214,20210125
4116,0,0,0,0,1,1,1,20210104,20210130
6807,1,1,1,1,1,1,0,20201214,20210130
6845,1,1,1,1,1,1,1,20201214,20210130
6870,0,0,0,0,0,0,1,20201108,20201129
7936,1,1,1,1,1,1,1,20201214,20210130
4501,1,0,0,0,0,0,1,20201214,20210125
6771,1,0,0,0,1,1,1,20201214,20210130
6632,0,0,0,0,0,0,1,20201220,20210124
2731,1,1,1,1,0,0,0,20201102,20201112
4124,1,1,1,1,1,1,1,20201104,20201211
3912,1,1,1,1,1,1,0,20201102,20201114
4710,0,0,0,0,0,0,1,20201108,20201115
4118,0,0,0,0,0,0,1,20201108,20201129
3814,0,0,0,0,1,1,0,20201106,20201114
4117,0,0,0,0,1,1,1,20201120,20201211
3975,1,1,0,0,0,0,0,20201102,20201103
2383,1,1,0,0,0,0,0,20201102,20201103
5870,1,1,1,1,1,0,1,20201102,20201115
6756,1,1,1,1,1,0,1,20201102,20201115
2386,1,1,1,1,1,1,1,20201104,20201115
5123,1,1,1,1,1,0,1,20201102,20201115
6806,1,1,1,1,1,1,0,20201102,20201114
1159,1,1,1,1,1,1,1,20201102,20201115
4503,1,1,1,1,0,0,1,20201102,20201115
6775,1,0,0,0,1,1,1,20201116,20201211
6774,1,0,0,0,1,1,1,20201102,20201115
6457,1,1,1,1,1,0,1,20201102,20201211
713,1,1,1,1,1,1,1,20201102,20201212
5771,1,1,1,1,1,1,1,20201102,20201115
6497,1,1,1,1,1,1,1,20201116,20201212
1090,0,0,0,0,0,1,1,20201107,20201114
6498,1,1,1,1,1,1,1,20201102,20201115
7557,1,1,1,0,0,0,0,20201102,20201104
7556,1,1,0,1,1,0,0,20201105,20201113
1949,1,0,1,1,0,1,1,20201102,20201115
1943,0,1,0,0,0,0,0,20201103,20201110
5667,1,1,1,1,0,1,1,20201116,20201212
4153,1,0,1,1,1,1,1,20201116,20201212
4154,1,0,1,1,1,1,1,20201102,20201115
4151,0,1,0,0,0,0,0,20201117,20201208
4152,0,1,0,0,0,0,0,20201103,20201110
7872,1,0,0,0,0,0,0,20201102,20201207
6565,0,0,0,0,1,1,1,20201106,20201212
5517,1,0,0,0,0,1,1,20201102,20201212
6023,0,1,1,1,0,0,1,20201103,20201210
258,0,0,0,0,0,1,1,20201107,20201212
3806,0,1,1,1,1,1,1,20201103,20201212
6564,0,0,0,0,1,1,1,20201213,20210130
3412,1,1,1,1,1,1,0,20210104,20210116
5469,0,0,0,0,1,1,1,20210104,20210130
3413,1,1,1,1,1,1,0,20210118,20210130
6992,0,0,0,0,1,0,1,20201228,20210117
7092,1,0,0,0,0,0,0,20210118,20210125
6520,1,1,1,1,1,0,0,20210104,20210115
6991,0,0,0,0,1,0,1,20210122,20210129
6529,1,1,1,1,1,0,1,20210104,20210117
6530,1,1,1,1,1,0,1,20210118,20210129
6540,1,1,1,1,1,0,0,20201214,20210129
3325,0,0,0,0,0,0,1,20201213,20210124
6508,1,0,0,0,1,0,0,20201221,20210101
2536,1,1,1,1,1,0,1,20201213,20210129
7871,1,0,0,0,0,0,0,20210104,20210111
6507,0,0,0,0,1,0,1,20201228,20210129
6527,1,1,1,1,1,1,0,20201214,20210130
6541,0,0,0,0,0,1,0,20201219,20210130
593,0,0,0,0,0,1,0,20201219,20210116
3106,1,1,1,1,1,0,0,20210118,20210129
6532,1,1,1,1,1,1,1,20210104,20210117
4247,0,0,0,0,0,1,0,20210123,20210130
6539,0,1,1,1,0,0,1,20201213,20210128
2460,1,1,1,1,1,0,1,20201213,20210129
3967,0,0,0,0,1,1,0,20210104,20210130
5153,0,0,0,0,1,0,1,20210104,20210129
4878,1,0,0,0,0,0,0,20201214,20210125
5854,1,0,0,0,0,0,0,20201214,20210125
6577,1,0,0,0,0,0,0,20210104,20210125
624,1,1,1,1,1,1,0,20201214,20210130
5520,1,0,0,0,0,1,1,20201213,20210130
3000,0,1,1,1,1,0,0,20210104,20210129
4645,1,1,1,1,1,1,1,20201213,20210130
3807,0,1,1,1,1,1,1,20201213,20210130
6615,1,1,0,1,0,0,0,20201214,20210128
6827,1,1,1,1,0,0,1,20201213,20210128
1322,0,0,0,0,0,1,0,20210104,20210130
6828,0,0,0,0,1,0,0,20210104,20210129
3040,0,1,1,1,1,0,0,20201215,20210122
6621,1,1,1,1,1,1,0,20201214,20210116
6677,0,0,0,0,0,1,1,20201213,20210130
6671,1,1,1,1,1,0,0,20201214,20210129
1544,0,0,0,0,1,1,1,20201213,20210130
3038,0,1,1,1,1,0,0,20210126,20210129
3039,1,0,0,0,0,1,1,20201213,20210130
5241,1,1,1,1,0,1,0,20210104,20210130
6237,0,0,0,1,1,1,1,20201213,20210103
1733,0,0,0,0,0,1,1,20201213,20210103
5530,1,1,1,1,1,0,0,20201214,20210101
1730,0,0,0,0,0,1,1,20210109,20210130
6840,0,0,0,0,1,1,1,20210108,20210130
402,0,1,1,1,1,0,0,20210104,20210129
4275,1,0,0,0,0,1,0,20201214,20210130
6051,0,1,1,1,1,1,1,20201213,20210130
5814,0,0,0,0,1,0,1,20201213,20210129
4695,1,0,0,0,1,0,0,20201214,20210129
6725,1,0,0,0,1,1,1,20201213,20210130
5876,0,0,0,0,1,0,0,20210104,20210129
6689,1,1,1,1,0,0,0,20201214,20210128
5874,0,0,0,0,0,0,1,20201213,20201220
6778,0,0,0,0,0,0,1,20201213,20210124
6637,0,1,1,1,0,0,0,20201215,20210128
6641,1,0,0,0,1,1,0,20201214,20210130
2113,1,1,1,1,1,1,1,20201213,20210130
6474,0,0,0,0,1,0,1,20201213,20210129
2846,1,1,1,1,1,1,1,20201213,20210130
2244,1,0,0,0,1,1,1,20201213,20210130
6791,0,0,0,0,1,0,0,20210104,20210129
6706,0,0,0,0,0,1,1,20201213,20210130
2785,0,0,0,0,1,1,0,20210104,20210130
5295,0,0,0,0,1,0,0,20210104,20210129
1362,1,1,1,1,1,0,0,20201214,20210129
3585,1,0,0,0,1,1,1,20201213,20210130
3218,1,0,0,0,0,1,0,20210111,20210130
3221,1,0,0,0,1,1,0,20201214,20210109
2012,1,1,1,1,1,1,1,20201213,20210130
4809,1,0,1,0,1,0,1,20201102,20201212
4807,0,1,0,1,0,1,0,20201105,20201210
6718,1,1,1,1,1,1,1,20201102,20201212
49,1,1,1,1,0,0,1,20201102,20201210
5485,0,0,0,0,0,1,0,20201114,20201205
6556,0,1,1,1,0,1,0,20210104,20210130
6636,0,0,0,0,0,0,1,20201213,20210124
6555,1,0,0,0,1,0,1,20201213,20210129
4885,0,1,0,0,1,0,0,20210104,20210129
7114,0,0,0,0,0,0,1,20201213,20210124
1233,0,0,0,0,0,1,1,20201107,20201108
307,0,0,0,0,0,1,1,20201108,20201212
6466,1,1,1,1,1,1,1,20201102,20201212
6469,1,1,1,1,1,1,1,20201102,20201212
6455,1,1,1,1,1,1,0,20201102,20201212
6478,0,0,0,0,1,1,0,20201106,20201107
5506,1,1,1,1,1,1,1,20201102,20201211
6476,1,1,1,1,1,1,1,20201102,20201212
5038,0,1,1,1,0,0,0,20210105,20210128
4226,1,1,1,1,1,0,0,20201102,20201113
6811,1,0,0,0,1,1,1,20201213,20210103
6809,1,0,0,0,0,1,1,20210104,20210130
7008,0,1,1,1,1,0,0,20201104,20201211
7001,0,0,0,0,0,1,1,20201107,20201206
5078,0,0,0,0,0,1,0,20201107,20201205
6721,0,0,0,0,0,0,1,20201213,20210124
6631,1,0,0,1,1,0,0,20201214,20210129
6628,0,0,0,0,1,0,1,20201213,20210129
5193,0,0,1,1,1,0,1,20201213,20210129
6873,0,0,0,0,0,1,0,20210109,20210130
2969,0,0,0,0,0,1,0,20210109,20210130
2009,1,1,1,1,1,1,1,20201102,20201212
2712,0,1,1,0,0,0,0,20201103,20201209
2947,1,1,1,1,1,1,1,20201102,20201212
6465,1,1,1,1,1,1,1,20201102,20201212
790,1,1,1,1,1,1,1,20201102,20201212
2713,0,0,0,0,1,1,1,20201106,20201211
6458,1,0,0,0,0,1,1,20201102,20201212
6459,0,0,1,1,0,0,0,20201104,20201210
6661,1,0,0,0,0,0,0,20201214,20210125
6741,1,1,1,1,1,1,1,20201213,20210130
6797,1,1,1,1,1,0,1,20201213,20210129
4381,1,1,1,1,1,1,0,20201214,20210130
3356,0,0,0,1,0,0,0,20210104,20210128
3357,0,0,0,0,1,1,1,20201213,20210130
5640,1,1,1,1,0,1,0,20201214,20210130
3331,1,1,1,1,1,0,1,20201213,20210129
6679,1,1,1,1,1,1,1,20201213,20210130
6866,0,0,0,0,0,1,1,20201213,20210130
6848,1,0,0,0,1,1,1,20201213,20210130
6802,0,0,0,1,1,0,1,20201213,20210129
1199,1,1,1,1,1,1,1,20201102,20201212
6594,1,0,0,0,0,1,0,20201214,20210130
5824,1,1,1,1,1,1,1,20201213,20210129
6645,1,1,1,1,1,1,1,20201214,20210129
6823,1,1,1,1,1,0,1,20201214,20210129
6819,0,0,0,0,0,0,1,20201213,20210124
6816,0,0,0,0,1,1,0,20210104,20210130
6805,1,1,1,1,1,1,0,20201214,20210130
4740,1,1,1,1,1,0,0,20201116,20201127
6164,1,1,1,1,1,0,0,20201214,20201231
5370,1,1,1,1,1,1,1,20201213,20210130
5596,0,1,1,1,1,1,1,20201213,20210130
5603,1,0,0,0,0,0,0,20201214,20210125
6598,1,0,0,0,0,0,0,20201214,20210111
6599,0,1,1,1,0,1,0,20201215,20210116
6595,1,0,0,0,0,0,0,20210118,20210125
6596,0,1,1,1,1,1,0,20210119,20210130
3859,1,1,1,1,0,0,0,20210104,20210128
3537,0,0,0,0,1,1,1,20201213,20210130
3864,0,0,0,0,1,1,1,20201213,20210130
1762,0,0,0,0,0,0,1,20201213,20210117
6571,0,0,0,0,0,1,1,20210104,20210117
5712,0,0,0,0,0,1,0,20210109,20210130
5717,1,1,1,1,1,0,1,20210104,20210129
4400,1,1,1,1,1,1,1,20210118,20210130
4402,1,1,1,1,1,1,1,20210104,20210117
6569,1,1,1,1,1,0,0,20210118,20210129
6570,0,0,0,0,0,1,1,20210123,20210130
2767,0,0,0,0,0,0,1,20201220,20201227
1778,1,0,0,0,1,0,0,20210104,20210115
1760,0,0,0,0,0,1,0,20210104,20210130
1780,1,0,0,0,1,0,0,20210118,20210129
1781,0,1,1,1,0,0,0,20201215,20210128
1764,1,0,0,0,0,0,0,20201221,20201228
6533,1,1,1,1,0,1,1,20210104,20210130
6534,1,1,1,1,1,1,1,20201213,20210103
3948,0,0,0,0,0,1,1,20210104,20210130
3949,1,1,1,1,1,0,0,20210104,20210129
6468,0,0,0,0,0,0,1,20210104,20210124
6467,0,0,0,0,0,1,0,20201219,20210130
6460,0,0,0,0,1,0,1,20210104,20210129
887,1,1,1,1,1,0,0,20201214,20210129
6452,0,0,0,0,0,1,0,20210123,20210130
6448,1,1,1,1,1,1,1,20201213,20210103
6447,0,0,0,0,0,1,0,20210109,20210116
6453,0,1,1,1,1,0,1,20210119,20210129
6446,1,1,1,1,1,1,1,20201102,20201114
1948,1,1,1,1,1,1,1,20210118,20210130
6450,1,1,1,1,1,0,1,20201213,20210129
6179,1,1,1,1,1,0,1,20210104,20210129
2577,1,1,1,1,1,1,1,20210104,20210130
6147,1,1,1,1,1,1,0,20210104,20210130
2582,1,1,1,1,1,1,0,20201214,20210102
3551,1,1,1,1,1,1,1,20201213,20210130
5784,1,1,1,1,1,1,1,20201102,20201212
6340,1,1,1,1,1,1,1,20201213,20210130
4641,1,1,1,1,1,1,1,20201213,20210130
4536,1,1,1,1,1,1,0,20201214,20210130
5738,1,1,1,1,1,0,0,20210118,20210129
5739,1,1,1,1,1,1,1,20201213,20210130
465,1,1,1,1,0,0,0,20201102,20201210
848,1,1,1,1,1,0,0,20201214,20201218
2495,0,0,0,0,0,1,1,20201219,20210130
2540,1,1,1,1,1,1,0,20201214,20210130
3238,1,1,1,1,1,1,0,20201102,20201212
