service_id,date,exception_type
8038,20201124,1
8039,20201124,2
8042,20201111,1
8043,20201111,2
567,20201212,1
1755,20201105,1
8052,20201111,2
8052,20201105,2
8053,20201111,2
8055,20201111,1
8057,20201111,2
8061,20201211,1
8063,20201201,1
8063,20201202,1
8063,20201103,1
8063,20201104,1
8063,20201208,1
8063,20201209,1
8065,20201110,1
8065,20201111,1
8066,20201111,2
437,20201111,1
8076,20201130,1
8076,20201203,1
8076,20201207,1
8076,20201210,1
8080,20201111,2
8085,20201111,2
8086,20201102,1
8099,20201111,2
8102,20201111,1
2909,20201111,2
8112,20201106,2
238,20201108,1
8114,20201111,1
8115,20201106,1
8118,20201115,1
8121,20201111,2
6036,20201114,1
6036,20201107,1
8124,20201111,2
191,20201102,1
8134,20201105,1
8140,20201113,1
8140,20201106,1
8140,20201108,2
8141,20201120,1
8144,20201104,1
8144,20201105,2
8153,20201218,1
8153,20201219,1
8153,20201224,1
8153,20201225,1
8153,20201226,1
8153,20201231,1
8153,20210101,1
8153,20210102,1
326,20201218,1
326,20201224,1
326,20201231,1
564,20201218,1
410,20201217,1
410,20201215,1
410,20201216,1
410,20201222,1
410,20201223,1
410,20201229,1
410,20201230,1
8158,20201217,1
8158,20201215,1
8158,20201216,1
8158,20201222,1
8158,20201223,1
8158,20201229,1
8158,20201230,1
8159,20201224,2
8159,20201231,2
1591,20201218,1
8161,20201224,1
8161,20201231,1
8163,20201218,1
8163,20201217,2
1824,20201225,2
8164,20201224,2
8164,20201231,2
1593,20201224,2
8167,20201225,2
8167,20210101,2
8168,20201218,1
8168,20201224,1
8168,20201231,1
8170,20201218,1
8170,20201224,1
8170,20201231,1
8171,20201217,1
8171,20201218,2
8172,20201225,1
8172,20210101,1
8172,20201224,2
8172,20201231,2
8174,20201225,1
8174,20210101,1
8175,20201218,1
8175,20201217,2
8177,20201218,1
8177,20201224,1
8177,20201231,1
8178,20201217,1
8178,20201218,2
8182,20201225,1
8182,20210101,1
8182,20201224,2
8182,20201231,2
8185,20201218,1
8185,20201217,2
240,20201107,1
3194,20201107,2
1895,20201201,1
1912,20201116,1
8188,20201107,2
3095,20201113,1
3095,20201111,2
6324,20201114,2
6324,20201115,2
8189,20201104,1
8189,20201116,1
8190,20201116,2
8190,20201104,2
8193,20201111,2
5798,20201107,2
5798,20201206,2
6422,20201107,2
3347,20201107,2
3347,20201108,2
1893,20201106,1
3343,20201116,1
3342,20201102,1
3342,20201103,1
3342,20201104,1
3342,20201105,1
3342,20201106,1
3342,20201109,1
3342,20201110,1
3342,20201111,1
3342,20201112,1
3342,20201113,1
3342,20201116,2
271,20201114,1
5139,20201106,2
270,20201115,1
6354,20201106,2
6354,20201107,2
5576,20201116,2
6391,20201113,2
21,20201206,1
8198,20201128,1
293,20201204,1
6439,20201102,1
6439,20201103,1
6439,20201104,1
6439,20201105,1
6439,20201106,1
6439,20201130,1
6439,20201201,1
6439,20201202,1
6439,20201203,1
6439,20201204,1
6439,20201207,1
6439,20201208,1
6439,20201209,1
6439,20201210,1
6439,20201211,1
4195,20201211,1
150,20201113,1
6372,20201110,2
6372,20201111,2
6372,20201106,2
6372,20201107,2
8200,20201225,2
8200,20210101,2
8201,20201218,1
1186,20201225,2
1186,20210101,2
4204,20210123,1
4204,20210124,1
4204,20201213,1
7096,20210123,2
7096,20210124,2
1244,20210124,1
1244,20201213,1
8206,20201225,1
8206,20210101,1
8207,20201218,1
8207,20201215,1
8207,20201216,1
8207,20201217,1
8207,20201222,1
8207,20201223,1
8207,20201224,1
8207,20201229,1
8207,20201230,1
8207,20201231,1
8209,20201217,1
8209,20201215,1
8209,20201216,1
8209,20201222,1
8209,20201223,1
8209,20201229,1
8209,20201230,1
8211,20201217,1
8211,20201215,1
8211,20201216,1
8211,20201222,1
8211,20201223,1
8211,20201229,1
8211,20201230,1
8215,20201225,1
8215,20210101,1
8216,20201224,2
8216,20201231,2
8217,20201224,2
8217,20201231,2
8218,20201218,1
8219,20201224,1
8219,20201231,1
1284,20201219,1
1284,20201225,1
1284,20201226,1
1284,20210101,1
1284,20210102,1
511,20201225,1
511,20210101,1
511,20201224,2
511,20201231,2
8220,20201217,1
8220,20201215,1
8220,20201216,1
8220,20201222,1
8220,20201223,1
8220,20201229,1
8220,20201230,1
8221,20201218,1
2489,20201218,1
2489,20201224,1
2489,20201231,1
8224,20201224,2
8224,20201231,2
1272,20201224,1
1272,20201231,1
1272,20201225,2
1272,20210101,2
8225,20201218,2
406,20201224,2
406,20201231,2
2024,20201224,1
2024,20201231,1
8228,20201224,1
8228,20201231,1
8229,20201224,2
8229,20201231,2
3657,20201218,1
3657,20201217,2
1142,20201225,2
1142,20210101,2
6004,20201111,2
2035,20201111,2
8234,20201111,2
6111,20201111,2
4835,20201110,2
4835,20201111,2
1391,20201111,2
6125,20201109,2
6125,20201111,2
6125,20201112,2
6125,20201104,2
6125,20201105,2
5968,20201109,2
5968,20201110,2
5968,20201112,2
5968,20201113,2
8250,20201112,1
6066,20201112,1
1585,20201110,2
8258,20201111,2
1652,20201108,1
1907,20201110,1
8260,20201111,1
6136,20201108,1
1613,20201111,2
6137,20201111,2
275,20201114,2
2935,20201105,2
2935,20201106,2
6110,20201111,2
6095,20201206,2
8270,20201108,1
2718,20201111,2
8277,20201111,2
8278,20201108,2
8282,20201106,1
8284,20201110,1
8284,20201109,2
5445,20201122,2
8286,20201114,2
2867,20201111,2
6226,20201111,2
5446,20201122,1
8287,20201113,1
8288,20201111,1
8288,20201107,1
8288,20201114,2
8289,20201121,1
8289,20201114,1
971,20201120,1
6225,20201120,2
8291,20201109,1
8291,20201110,2
3326,20201111,2
8295,20201121,2
8295,20201122,2
179,20201107,1
6146,20201121,2
8296,20201108,1
4001,20201111,2
133,20201121,1
3791,20201108,1
3790,20201202,2
6134,20201114,1
6134,20201115,1
6134,20201111,2
6131,20201111,1
6133,20201123,2
6133,20201124,2
6133,20201125,2
6133,20201126,2
6133,20201127,2
1904,20201103,1
8316,20201111,2
8318,20201107,1
7201,20201111,2
8324,20201206,1
6139,20201130,1
6139,20201201,1
6139,20201202,1
6139,20201203,1
6139,20201207,1
6139,20201208,1
6139,20201209,1
6139,20201210,1
8332,20201108,1
7207,20201104,1
7207,20201105,2
7207,20201106,2
8334,20201111,2
8339,20201115,1
8340,20201226,1
8340,20210102,1
8340,20201225,2
8340,20210101,2
8342,20201219,1
8342,20201225,1
8342,20210101,1
902,20201102,1
8344,20210129,1
8345,20201218,1
8345,20201224,1
8345,20201231,1
8346,20210129,1
8347,20201224,2
8347,20201231,2
8348,20201225,1
8348,20210101,1
8350,20210129,2
6364,20201130,1
6364,20201201,1
6364,20201202,1
6364,20201203,1
6364,20201204,1
6364,20201206,1
6364,20201207,1
6364,20201208,1
6364,20201209,1
6364,20201210,1
6364,20201211,1
6364,20201120,1
6364,20201122,1
6364,20201127,1
6364,20201129,1
2311,20201123,2
2311,20201124,2
2311,20201125,2
2311,20201126,2
2311,20201127,2
7413,20201111,2
8352,20201122,1
8353,20201111,1
8355,20201108,1
8357,20201107,1
8358,20201121,1
8359,20201108,1
8360,20201121,1
8361,20201122,1
8363,20201114,2
5607,20201111,2
5600,20201108,1
4833,20201224,2
4833,20201231,2
6205,20210124,1
8367,20201225,2
8367,20210101,2
2933,20201219,1
2933,20201225,1
2933,20201226,1
2933,20210101,1
2933,20210102,1
2937,20201225,2
2937,20210101,2
2028,20201225,2
2028,20210101,2
6207,20201213,1
6207,20201218,1
6207,20201220,1
6207,20201224,1
6207,20201227,1
6207,20201231,1
6207,20210103,1
6207,20210124,2
8369,20201225,2
5036,20201218,1
8372,20201218,2
1993,20201225,2
1993,20210101,2
3448,20201218,1
3448,20201217,2
8376,20201218,1
8376,20201224,1
8376,20201231,1
5941,20201218,1
5941,20201224,1
5941,20201231,1
1333,20201225,2
1333,20210101,2
8377,20201219,1
8377,20201225,1
8377,20201226,1
8377,20210101,1
8377,20210102,1
1150,20201225,2
8379,20201218,1
8379,20201224,1
8379,20201231,1
8384,20201224,1
8384,20201231,1
8387,20201224,2
8387,20201231,2
8388,20201217,1
8390,20201217,1
8390,20201215,1
8390,20201216,1
8390,20201222,1
8390,20201223,1
8390,20201229,1
8390,20201230,1
8391,20201218,1
8395,20201225,1
8395,20210101,1
8396,20201218,1
8397,20201217,1
8398,20201224,2
8398,20201231,2
8399,20201218,1
8399,20201219,1
8399,20201224,1
8399,20201225,1
8399,20201226,1
8399,20201231,1
8399,20210101,1
8399,20210102,1
8401,20201225,1
8401,20210101,1
8402,20201219,1
8402,20201225,1
8402,20201226,1
8402,20210101,1
8402,20210102,1
8403,20201225,2
8404,20201218,1
8404,20201224,1
8404,20201231,1
8405,20201218,1
8405,20201224,1
8405,20201231,1
8406,20201225,2
8409,20201218,1
8409,20201217,2
8410,20201218,1
8412,20201225,2
8412,20210101,2
8415,20201217,1
8415,20201215,1
8415,20201216,1
8415,20201222,1
8415,20201223,1
8415,20201229,1
8415,20201230,1
8417,20201224,1
8417,20201231,1
8417,20201225,2
8417,20210101,2
499,20201225,1
499,20210101,1
8418,20201224,2
8418,20201231,2
8419,20201224,2
8419,20201231,2
8420,20201217,1
8425,20201218,1
8425,20201219,1
8425,20201224,1
8425,20201225,1
8425,20201226,1
8425,20201231,1
8425,20210101,1
8425,20210102,1
8427,20201217,1
8429,20201224,1
8429,20201231,1
8429,20201225,2
8429,20210101,2
8430,20201218,1
8434,20201218,2
8438,20201217,1
8438,20201215,1
8438,20201216,1
8438,20201222,1
8438,20201223,1
8438,20201229,1
8438,20201230,1
8441,20201218,1
8441,20201217,2
2310,20201224,2
2310,20201231,2
4037,20201224,1
4037,20201231,1
4037,20201225,2
4037,20210101,2
8442,20201224,2
8442,20201231,2
2271,20201224,2
2271,20201231,2
5012,20201225,2
5012,20210101,2
6685,20201224,1
6685,20201231,1
6685,20201225,2
6685,20210101,2
2367,20201218,1
2367,20201219,1
2367,20201224,1
2367,20201225,1
2367,20201226,1
2367,20201231,1
2367,20210101,1
2367,20210102,1
336,20201225,2
336,20210101,2
5513,20201218,1
5513,20201224,1
5513,20201231,1
8444,20201224,1
8444,20201231,1
5400,20201225,2
5400,20210101,2
6884,20201225,2
6884,20210101,2
6579,20201205,1
846,20201128,1
8447,20201203,2
3032,20201129,2
1353,20201129,1
6516,20201117,2
1892,20201117,1
945,20201128,2
6592,20201129,2
6563,20201111,1
6563,20201206,1
710,20201111,2
862,20201128,2
2157,20201128,2
2157,20201129,2
8449,20201207,1
8450,20201129,2
8452,20201113,1
8453,20201113,2
8456,20201206,1
8457,20201109,1
8457,20201112,2
8458,20201108,1
8459,20201112,1
8459,20201103,1
8459,20201109,2
2539,20201128,2
8462,20201104,2
8462,20201128,2
8462,20201129,2
4509,20201128,2
8463,20201104,1
8464,20201114,1
8465,20201121,1
8465,20201107,1
5230,20201128,2
8466,20201128,2
8467,20201102,1
8467,20201109,1
8467,20201110,1
8467,20201104,2
8467,20201113,2
8468,20201113,1
8468,20201104,1
8468,20201109,2
8468,20201110,2
8469,20201128,1
8470,20201129,1
6519,20201128,2
6519,20201129,2
8471,20201129,2
3107,20201128,2
3107,20201129,2
8477,20210119,2
8477,20210120,2
8477,20210121,2
8477,20210122,2
8478,20201225,2
5149,20201225,2
5149,20210101,2
8480,20201106,1
8480,20201112,2
8481,20201112,1
8481,20201105,1
8481,20201106,2
1767,20201107,1
8484,20201122,1
1354,20201108,1
8488,20201121,1
8489,20201206,1
132,20201122,1
8490,20201109,2
1777,20201122,2
8491,20201109,1
5714,20201128,2
5714,20201129,2
8492,20201113,1
8492,20201106,1
8492,20201107,2
8493,20201107,1
8493,20201113,2
8494,20201114,2
8494,20201108,2
8496,20201111,2
8498,20201108,1
8501,20201105,1
8503,20201103,1
8503,20201104,1
8503,20201105,2
8504,20201110,1
8504,20201105,1
8505,20201104,1
8505,20201209,1
8505,20201110,2
8505,20201105,2
4403,20201128,2
4403,20201129,2
8506,20201106,1
8506,20201112,2
8507,20201112,1
8507,20201105,1
8507,20201106,2
8508,20201113,1
8508,20201106,1
8508,20201107,2
8509,20201107,1
8509,20201113,2
389,20201111,2
342,20201111,2
4261,20201111,1
8510,20201111,2
8510,20201112,2
8511,20201112,1
248,20201111,1
573,20201111,2
1603,20201111,2
2355,20201111,2
6500,20201111,2
1660,20201111,2
8518,20201111,2
8519,20201111,1
4611,20201218,1
8524,20201218,1
3105,20201214,1
3105,20201215,1
3105,20201216,1
3105,20201217,1
3105,20201218,1
3105,20201221,1
3105,20201222,1
3105,20201223,1
3105,20201224,1
3105,20201228,1
3105,20201229,1
3105,20201230,1
3105,20201231,1
3688,20201214,1
3688,20201215,1
3688,20201216,1
3688,20201217,1
3688,20201218,1
3688,20201221,1
3688,20201222,1
3688,20201223,1
3688,20201224,1
3688,20201228,1
3688,20201229,1
3688,20201230,1
3688,20201231,1
5271,20201217,1
5271,20201218,1
5271,20210118,1
5271,20210119,1
5271,20210120,1
5271,20210121,1
5271,20210122,1
1759,20201225,2
1759,20210101,2
8526,20201219,1
5366,20201214,1
5366,20201215,1
5366,20201216,1
5366,20201217,1
5366,20201218,1
5366,20201221,1
5366,20201222,1
5366,20201223,1
5366,20201224,1
5366,20201228,1
5366,20201229,1
5366,20201230,1
5366,20201231,1
4079,20210130,1
5049,20210130,1
2419,20210130,1
4064,20210130,1
4926,20201214,1
4926,20201215,1
4926,20201216,1
4926,20201217,1
4926,20201218,1
4926,20201221,1
4926,20201222,1
4926,20201223,1
4926,20201224,1
4926,20201228,1
4926,20201229,1
4926,20201230,1
4926,20201231,1
6504,20201214,1
6504,20201215,1
6504,20201216,1
6504,20201217,1
6504,20201218,1
6504,20201221,1
6504,20201222,1
6504,20201223,1
6504,20201228,1
6504,20201229,1
6504,20201230,1
3896,20210130,1
924,20201221,2
924,20201222,2
924,20201223,2
924,20201224,2
924,20201228,2
924,20201229,2
924,20201230,2
924,20201231,2
8527,20201225,2
8527,20210101,2
8528,20201213,1
8529,20201219,1
8529,20201225,1
8529,20201226,1
8529,20210101,1
8529,20210102,1
1614,20201217,1
1918,20201216,1
1938,20210107,1
1952,20210108,1
1929,20210118,1
1967,20210119,1
1828,20201224,1
1932,20210128,1
1324,20201231,1
1944,20210113,1
1965,20210124,1
1379,20210123,1
1942,20210125,1
1945,20201221,1
1397,20210130,1
1951,20210117,1
1963,20201215,1
1325,20210101,1
1927,20210114,1
1969,20210111,1
1960,20210110,1
1970,20201223,1
1040,20210102,1
1700,20201228,1
1966,20210122,1
1926,20210126,1
1947,20210115,1
1939,20210127,1
1921,20210129,1
1958,20210120,1
1815,20201229,1
1964,20210112,1
1962,20210106,1
597,20201214,1
1300,20201218,1
1934,20210103,1
1937,20210104,1
669,20201213,1
1950,20210121,1
922,20210105,1
1968,20201230,1
1959,20210109,1
1940,20201226,1
1330,20201225,1
1953,20210116,1
915,20201227,1
1961,20201220,1
1041,20201219,1
1933,20201222,1
2330,20201225,1
2330,20210101,1
8530,20201218,1
1590,20201218,1
5891,20201224,2
5891,20201231,2
4413,20201224,2
4413,20201231,2
1157,20201225,2
1157,20210101,2
5396,20201214,1
5396,20201215,1
5396,20201216,1
5396,20201217,1
5396,20201218,1
5396,20201221,1
5396,20201222,1
5396,20201223,1
5396,20201224,1
5396,20201228,1
5396,20201229,1
5396,20201230,1
5396,20201231,1
5396,20210105,2
1268,20201218,1
1268,20201224,1
1268,20201231,1
6423,20201213,1
6423,20201218,1
6423,20201219,1
6423,20201220,1
6423,20201224,1
6423,20201225,1
6423,20201226,1
6423,20201227,1
6423,20201231,1
6423,20210101,1
6423,20210102,1
6423,20210103,1
6423,20201217,2
1271,20201224,1
1271,20201231,1
1271,20201225,2
1271,20210101,2
8534,20201219,1
8534,20201225,1
8534,20201226,1
8534,20210101,1
8534,20210102,1
8535,20201214,1
8535,20201215,1
8535,20201216,1
8535,20201217,1
8535,20201221,1
8535,20201222,1
8535,20201223,1
8535,20201224,1
8535,20201228,1
8535,20201229,1
8535,20201230,1
8535,20201231,1
6477,20210123,2
6477,20210124,2
2865,20201225,2
2865,20210101,2
8536,20201218,1
8536,20201215,1
8536,20201216,1
8536,20201217,1
8536,20201222,1
8536,20201223,1
8536,20201224,1
8536,20201229,1
8536,20201230,1
8536,20201231,1
3515,20201218,1
3515,20201219,1
3515,20201224,1
3515,20201225,1
3515,20201226,1
3515,20201231,1
3515,20210101,1
3515,20210102,1
6442,20201213,1
6442,20201219,1
6442,20201220,1
6442,20201225,1
6442,20201226,1
6442,20201227,1
6442,20210101,1
6442,20210102,1
6442,20210103,1
6442,20201218,2
2131,20201219,1
2131,20201225,1
2131,20201226,1
2131,20210101,1
2131,20210102,1
724,20201225,2
724,20210101,2
5209,20201219,1
5209,20201225,1
5209,20201226,1
5209,20210101,1
5209,20210102,1
6420,20210104,1
6420,20210105,1
6420,20210106,1
6420,20210107,1
6420,20210108,1
6420,20201221,1
6420,20201222,1
6420,20201223,1
6420,20201224,1
6420,20201228,1
6420,20201229,1
6420,20201230,1
6420,20201231,1
6420,20210111,1
6420,20210118,1
6420,20210125,1
8540,20210108,2
6416,20201107,2
8542,20201225,2
8542,20210101,2
8543,20201219,1
8543,20201225,1
8543,20201226,1
8543,20210101,1
8543,20210102,1
2317,20201218,1
8547,20201218,1
1789,20201225,2
1789,20210101,2
5250,20201218,1
5250,20201224,1
5250,20201231,1
8549,20201224,1
8549,20201231,1
8550,20201224,2
8550,20201231,2
8551,20201218,1
8551,20201224,1
8551,20201231,1
5185,20201219,1
5185,20201221,1
5185,20201222,1
5185,20201223,1
5185,20201225,1
5185,20201226,1
5185,20201228,1
5185,20201229,1
5185,20201230,1
5185,20210101,1
5185,20210102,1
6228,20201221,1
6228,20201222,1
6228,20201223,1
6228,20201228,1
6228,20201229,1
6228,20201230,1
8552,20201224,2
8552,20201231,2
8553,20201224,2
8553,20201231,2
8555,20201219,1
8555,20201225,1
8555,20201226,1
8555,20210101,1
8555,20210102,1
8556,20201225,2
8556,20210101,2
8557,20201224,1
8557,20201231,1
8558,20201219,1
8558,20201225,1
8558,20201226,1
8558,20210101,1
8558,20210102,1
8559,20201219,1
8559,20201225,1
8559,20201226,1
8559,20210101,1
8559,20210102,1
8560,20201225,2
8560,20210101,2
8561,20201218,1
8561,20201224,1
8561,20201231,1
8564,20201219,1
8564,20201225,1
8564,20201226,1
8564,20210101,1
8564,20210102,1
8569,20201225,2
8569,20210101,2
8571,20201225,2
8571,20210101,2
8573,20201218,1
8573,20201224,1
8573,20201231,1
8574,20201224,2
8575,20201224,2
8575,20201231,2
8576,20201225,2
8576,20210101,2
8578,20201224,2
8578,20201231,2
2133,20201225,1
2133,20210101,1
2133,20201224,2
2133,20201231,2
8579,20201214,1
8579,20201215,1
8579,20201216,1
8579,20201217,1
8579,20201221,1
8579,20201222,1
8579,20201223,1
8579,20201224,1
8579,20201228,1
8579,20201229,1
8579,20201230,1
8579,20201231,1
8580,20201218,1
8581,20201214,1
8581,20201215,1
8581,20201216,1
8581,20201217,1
8581,20201221,1
8581,20201222,1
8581,20201223,1
8581,20201224,1
8581,20201228,1
8581,20201229,1
8581,20201230,1
8581,20201231,1
6353,20201218,1
6353,20201224,1
6353,20201231,1
4707,20201218,1
4707,20201224,1
4707,20201231,1
4172,20210109,1
4172,20210116,1
4172,20210130,1
8582,20201218,1
4640,20201108,1
4640,20201115,1
4640,20201122,1
5321,20201109,1
5321,20201110,1
5321,20201111,1
5321,20201112,1
5321,20201113,1
5321,20201102,1
5321,20201103,1
5321,20201104,1
5321,20201105,1
5321,20201116,1
5321,20201117,1
5321,20201118,1
5321,20201119,1
5490,20201107,2
8586,20201107,2
6321,20201107,2
8587,20201104,1
8588,20201104,2
8588,20201107,2
5389,20201107,2
6333,20201109,1
6333,20201110,1
6333,20201111,1
6333,20201112,1
6333,20201113,1
6333,20201114,1
6333,20201102,1
6333,20201103,1
6333,20201104,1
6333,20201105,1
6333,20201106,1
6333,20201116,1
6333,20201117,1
6333,20201118,1
6333,20201119,1
6333,20201120,1
73,20201211,1
4718,20201124,2
4720,20201124,1
4720,20201207,1
4720,20201208,1
4720,20201209,1
4720,20201210,1
4720,20201211,1
8595,20201214,1
8595,20201215,1
8595,20201216,1
8595,20201217,1
8595,20201221,1
8595,20201222,1
8595,20201223,1
8595,20201224,1
8595,20201228,1
8595,20201229,1
8595,20201230,1
8595,20201231,1
5285,20201224,2
5285,20201231,2
8596,20201218,1
2792,20201218,1
2792,20201224,1
2792,20201231,1
6316,20201224,1
6316,20201231,1
6316,20201225,2
6316,20210101,2
8597,20201218,1
8597,20201215,1
8597,20201216,1
8597,20201217,1
8597,20201222,1
8597,20201223,1
8597,20201224,1
8597,20201229,1
8597,20201230,1
8597,20201231,1
6328,20201107,2
6328,20201108,2
6339,20201108,1
1684,20201108,1
4134,20201111,1
4133,20201202,1
4133,20201203,1
4133,20201204,1
4133,20201209,1
4133,20201210,1
4133,20201211,1
3937,20201130,1
3937,20201201,1
3937,20201202,1
3937,20201203,1
3937,20201204,1
3937,20201205,1
3937,20201206,1
3937,20201124,1
3937,20201125,1
3937,20201126,1
3937,20201127,1
3937,20201128,1
3937,20201129,1
3937,20201102,1
3937,20201103,1
3937,20201104,1
3937,20201105,1
3937,20201108,1
3937,20201207,1
3937,20201208,1
3937,20201209,1
3937,20201210,1
3937,20201211,1
3937,20201212,1
4136,20201118,1
4136,20201116,2
6314,20201107,2
4130,20201124,1
4130,20201125,1
4130,20201126,1
4130,20201127,1
4130,20201129,1
4130,20201206,1
4130,20201102,1
4130,20201103,1
4130,20201104,1
4130,20201105,1
4130,20201106,1
1526,20201102,1
1526,20201103,1
1526,20201104,1
1526,20201105,1
1526,20201106,1
1526,20201123,2
6308,20201204,1
6308,20201113,1
6308,20201211,1
6345,20201111,1
8601,20201108,1
1885,20201124,1
6336,20201107,2
6348,20201124,2
6348,20201111,2
4213,20201116,2
4213,20201117,2
4213,20201118,2
4213,20201119,2
4213,20201120,2
3737,20201107,2
6369,20201130,2
6369,20201202,2
6369,20201203,2
6369,20201204,2
6369,20201107,2
8606,20201218,1
8606,20201224,1
8606,20201231,1
8609,20210123,2
6346,20210104,1
6346,20210105,1
6346,20210106,1
6346,20210107,1
6346,20210108,1
6346,20210110,1
6346,20201221,1
6346,20201222,1
6346,20201223,1
6346,20201224,1
6346,20201227,1
6346,20201228,1
6346,20201229,1
6346,20201230,1
6346,20201231,1
6346,20210103,1
6346,20210117,1
6346,20210124,1
8610,20210124,1
8610,20201213,1
8613,20210123,1
8614,20201218,1
8614,20201215,1
8614,20201216,1
8614,20201217,1
8614,20201222,1
8614,20201223,1
8614,20201224,1
8614,20201229,1
8614,20201230,1
8614,20201231,1
8615,20201107,1
5995,20201115,2
3925,20201114,2
1784,20201114,2
5920,20201107,1
8633,20201115,1
3542,20201113,1
6077,20201110,2
8639,20201110,1
8649,20201114,2
8651,20201110,2
8651,20201112,2
8651,20201113,2
8651,20201115,2
8660,20201110,2
8660,20201112,2
8660,20201113,2
8660,20201115,2
8661,20201104,1
8661,20201108,2
8669,20201114,1
8678,20201111,2
8679,20201111,1
8681,20201104,1
8681,20201108,2
8685,20201111,1
8687,20201111,2
1332,20201225,2
1332,20210101,2
8696,20201225,2
8696,20210101,2
8697,20201217,1
8697,20201215,1
8697,20201216,1
8697,20201222,1
8697,20201223,1
8697,20201229,1
8697,20201230,1
8699,20201218,1
8699,20201224,1
8699,20201231,1
8700,20201224,2
8700,20201231,2
6002,20201218,1
5921,20201213,1
5921,20201219,1
5921,20201220,1
5921,20201221,1
5921,20201222,1
5921,20201223,1
5921,20201225,1
5921,20201226,1
5921,20201227,1
5921,20201228,1
5921,20201229,1
5921,20201230,1
5921,20210101,1
5921,20210102,1
5921,20210103,1
5921,20201214,2
5921,20201215,2
5921,20201216,2
5921,20201218,2
8707,20201224,2
8709,20201224,2
8709,20201231,2
8712,20201225,2
8712,20210101,2
8713,20201219,1
8713,20201225,1
8713,20201226,1
8713,20210101,1
8713,20210102,1
8714,20201217,1
8714,20201215,1
8714,20201216,1
8714,20201222,1
8714,20201223,1
8714,20201229,1
8714,20201230,1
8715,20201218,1
8717,20201225,2
8717,20210101,2
8719,20201224,1
8719,20201231,1
8722,20201224,2
8723,20201224,1
8723,20201231,1
8723,20201225,2
8723,20210101,2
8724,20201225,2
8724,20210101,2
8725,20201219,1
8725,20201225,1
8725,20201226,1
8725,20210101,1
8725,20210102,1
8726,20201219,1
8726,20201225,1
8726,20201226,1
8726,20210101,1
8726,20210102,1
8727,20201225,2
8727,20210101,2
8729,20201225,2
8729,20210101,2
8730,20201224,2
8730,20201231,2
8733,20201214,2
8733,20201215,2
8733,20201216,2
8738,20201225,2
8748,20201219,1
8748,20201225,1
8748,20201226,1
8748,20210101,1
8748,20210102,1
5430,20201218,1
6119,20201218,1
8751,20201217,1
8751,20201215,1
8751,20201216,1
8751,20201222,1
8751,20201223,1
8751,20201229,1
8751,20201230,1
8752,20201225,2
8752,20210101,2
8753,20201225,2
8753,20210101,2
2467,20201225,2
2467,20210101,2
8754,20201224,2
8754,20201231,2
6258,20201224,2
6258,20201231,2
8755,20201218,1
8755,20201224,1
8755,20201231,1
8756,20201220,1
8756,20201213,1
8756,20201214,1
8756,20201218,1
8756,20201221,1
8756,20201224,1
8756,20201227,1
8756,20201228,1
8756,20201231,1
8756,20210103,1
8758,20201225,2
8758,20210101,2
8761,20201219,1
8761,20201225,1
8761,20201226,1
8761,20210101,1
8761,20210102,1
6223,20201218,1
6223,20201224,1
6223,20201231,1
8763,20201225,2
8763,20210101,2
340,20201225,2
340,20210101,2
8767,20201217,1
8767,20201215,1
8767,20201216,1
8767,20201222,1
8767,20201223,1
8767,20201229,1
8767,20201230,1
5890,20201224,2
5890,20201231,2
8768,20201218,1
8768,20201215,1
8768,20201216,1
8768,20201217,1
8768,20201222,1
8768,20201223,1
8768,20201224,1
8768,20201229,1
8768,20201230,1
8768,20201231,1
8772,20201217,1
8772,20201215,1
8772,20201216,1
8772,20201222,1
8772,20201223,1
8772,20201229,1
8772,20201230,1
8773,20201224,1
8773,20201231,1
8773,20201225,2
8773,20210101,2
2149,20201218,2
8774,20201225,2
8774,20210101,2
8775,20201217,1
8775,20201218,2
8778,20201218,1
8778,20201217,2
8779,20201225,1
8779,20210101,1
8780,20201225,1
8780,20210101,1
8780,20201224,2
8780,20201231,2
8781,20201218,1
8781,20201215,1
8781,20201216,1
8781,20201217,1
8781,20201222,1
8781,20201223,1
8781,20201224,1
8781,20201229,1
8781,20201230,1
8781,20201231,1
8782,20201224,1
8782,20201231,1
8782,20201225,2
8782,20210101,2
5379,20201226,2
5381,20201225,1
5381,20201226,1
5381,20210101,1
8786,20210119,2
8786,20210120,2
8786,20210121,2
8786,20210122,2
8786,20210123,2
8791,20201225,2
8791,20210101,2
6473,20201218,1
6473,20201224,1
6473,20201231,1
451,20201221,2
451,20201222,2
451,20201223,2
451,20201224,2
451,20201228,2
451,20201229,2
451,20201230,2
451,20201231,2
8792,20201220,2
8792,20201227,2
8794,20201214,1
8794,20201215,1
8794,20201216,1
8794,20201217,1
8794,20201221,1
8794,20201222,1
8794,20201223,1
8794,20201228,1
8794,20201229,1
8794,20201230,1
2182,20201225,2
2182,20210101,2
3857,20201220,2
3857,20201227,2
8798,20201218,1
2652,20201220,2
2652,20201227,2
8801,20201224,2
8806,20201218,1
8810,20201219,1
523,20201221,2
523,20201222,2
523,20201223,2
523,20201224,2
523,20201225,2
523,20201228,2
523,20201229,2
523,20201230,2
523,20201231,2
523,20210101,2
6511,20201225,2
6511,20210101,2
3895,20210109,1
3895,20210116,1
3895,20210123,1
8812,20201225,1
8812,20210101,1
5965,20210124,2
1643,20201218,1
1643,20201224,1
1643,20201231,1
8814,20201226,2
8814,20210102,2
8815,20201227,1
8816,20210101,2
8816,20210124,2
8816,20201225,2
8816,20201227,2
8817,20201228,1
8818,20201227,1
8818,20210102,1
8819,20201225,2
8819,20201228,2
8819,20210101,2
8820,20201226,2
8820,20210102,2
8821,20201225,1
8821,20210101,1
8821,20210102,2
8822,20201228,2
8822,20210102,2
8822,20201227,2
8823,20201227,1
8825,20201227,2
8826,20210102,1
3027,20201213,1
3027,20210130,1
8827,20210104,1
8827,20210105,1
8827,20210106,1
8827,20210107,1
8827,20210108,1
8827,20210110,1
8827,20210115,1
8827,20210117,1
8827,20210122,1
8827,20210124,1
8827,20210129,1
8827,20201221,1
8827,20201222,1
8827,20201223,1
8827,20201224,1
8827,20201227,1
8827,20201228,1
8827,20201229,1
8827,20201230,1
8827,20201231,1
8827,20210103,1
8829,20201218,1
8829,20201224,1
8829,20201231,1
5639,20201218,1
8831,20201218,1
8831,20201224,1
8831,20201231,1
6857,20201219,1
6857,20201225,1
6857,20201226,1
6857,20210101,1
6857,20210102,1
8832,20201225,1
8832,20210101,1
8833,20210101,1
6871,20201219,1
6871,20201225,1
6871,20210101,1
8837,20201213,1
8837,20201220,1
8837,20201225,1
8837,20201227,1
8837,20210101,1
8837,20210103,1
8837,20201218,2
8838,20201217,1
8838,20201218,1
8838,20210101,2
8839,20201218,1
8842,20201225,1
8842,20210101,1
8844,20201225,1
8844,20210101,1
3672,20210130,1
3671,20201108,1
1527,20201225,2
1527,20210101,2
8849,20201225,1
8849,20210101,1
8850,20210130,1
3982,20201225,2
3982,20210101,2
8851,20201224,1
8851,20201231,1
7849,20201111,1
7846,20201102,1
7846,20201103,1
7846,20201104,1
7846,20201105,1
7846,20201106,1
7846,20201130,2
7846,20201202,2
7846,20201203,2
7846,20201204,2
6315,20210130,1
7844,20201108,1
7780,20201225,2
7780,20210101,2
7781,20201102,1
7781,20201103,1
7781,20201104,1
7781,20201105,1
7781,20201106,1
7781,20201124,1
7781,20201125,1
7781,20201126,1
7781,20201127,1
3977,20201106,1
2799,20210130,1
5661,20201108,1
8852,20201225,1
8852,20210101,1
7449,20201108,1
8853,20210130,1
2798,20210109,1
2798,20210116,1
2798,20210123,1
8855,20201225,1
8855,20210101,1
8856,20210130,1
8857,20210104,1
8857,20210105,1
8857,20210106,1
8857,20210107,1
8857,20210108,1
8857,20210111,1
8857,20210115,1
8857,20210118,1
8857,20210122,1
8857,20210125,1
8857,20210129,1
8857,20201221,1
8857,20201222,1
8857,20201223,1
8857,20201224,1
8857,20201228,1
8857,20201229,1
8857,20201230,1
8857,20201231,1
8858,20210108,1
8858,20210109,1
8858,20210110,1
8858,20210115,1
8858,20210116,1
8858,20210117,1
8858,20210122,1
8858,20210129,1
8858,20210123,2
8858,20210124,2
3941,20210130,1
8861,20201213,1
8861,20201219,1
8861,20201220,1
8861,20210109,1
8861,20210110,1
8861,20210117,1
8861,20210124,1
8862,20201225,2
8862,20210101,2
8863,20201225,2
8863,20210101,2
8864,20201104,2
8864,20201105,2
6135,20201107,2
8867,20201105,1
8868,20201103,2
8868,20201104,2
8868,20201105,2
1751,20201103,2
1751,20201104,2
8871,20201218,1
8871,20201224,1
8871,20201231,1
1870,20210101,1
1870,20201225,1
1870,20210102,2
1870,20201226,2
8872,20201225,1
8872,20210101,1
8873,20201126,1
8874,20201126,2
5699,20201123,2
5699,20201122,2
5699,20201107,2
5699,20201108,2
5699,20201109,2
5699,20201111,2
5699,20201114,2
5699,20201115,2
6676,20201121,2
6676,20201122,2
6676,20201111,2
6676,20201114,2
6676,20201115,2
6676,20201106,2
6676,20201107,2
6676,20201108,2
8875,20201104,2
8875,20201105,2
8876,20201104,1
8877,20201105,1
7502,20201130,1
7502,20201201,1
7502,20201202,1
7502,20201203,1
7502,20201204,1
7502,20201205,1
7502,20201206,1
7502,20201207,1
7502,20201208,1
7502,20201209,1
7502,20201210,1
7502,20201211,1
7502,20201120,1
7502,20201121,1
7502,20201122,1
7502,20201127,1
7502,20201128,1
7502,20201129,1
8878,20201104,2
8878,20201105,2
2257,20201210,1
2257,20201208,2
2253,20201202,1
2253,20201203,1
2253,20201204,1
2253,20201110,1
2253,20201111,1
2253,20201112,1
2253,20201104,1
2253,20201105,1
2253,20201106,1
2253,20201208,1
2253,20201209,1
2253,20201211,1
2254,20201113,1
2254,20201110,2
8880,20201105,1
8881,20201105,2
8884,20210130,1
6399,20201102,1
6399,20201103,1
6399,20201104,1
6399,20201105,1
6399,20201106,1
6399,20201109,1
6399,20201110,1
6399,20201111,1
6399,20201112,1
6399,20201113,1
6399,20201123,2
6399,20201124,2
6399,20201125,2
6399,20201126,2
8885,20210111,2
8885,20210112,2
8885,20210113,2
8885,20210114,2
8885,20210115,2
8885,20210118,2
8885,20210119,2
8885,20210120,2
8885,20210121,2
8885,20210122,2
7516,20210130,1
7055,20201217,1
7055,20201222,1
7055,20201223,1
7055,20201229,1
7055,20201230,1
8889,20201218,1
8889,20201219,1
8889,20201220,1
8889,20201224,1
8889,20201225,1
8889,20201226,1
8889,20201227,1
8889,20201231,1
8889,20210101,1
8889,20210102,1
8889,20210103,1
8890,20201218,1
8890,20201221,1
8890,20201222,1
8890,20201223,1
8890,20201224,1
8890,20201228,1
8890,20201229,1
8890,20201230,1
8890,20201231,1
8891,20201218,1
8891,20201219,1
8891,20201224,1
8891,20201225,1
8891,20201226,1
8891,20201231,1
8891,20210101,1
8891,20210102,1
8892,20201219,1
8892,20201220,1
8892,20201225,1
8892,20201226,1
8892,20201227,1
8892,20210101,1
8892,20210102,1
8892,20210103,1
8893,20201224,2
8893,20201231,2
6733,20201105,2
6724,20201108,2
4373,20201105,2
4373,20201106,2
126,20201111,2
259,20201111,2
6762,20201105,2
6762,20201106,2
6707,20201108,2
8895,20201106,1
8896,20201105,1
6602,20201123,1
6602,20201124,1
6602,20201125,1
6602,20201126,1
6602,20201127,1
6602,20201128,1
6602,20201129,1
6602,20201130,1
6602,20201201,1
6602,20201202,1
6602,20201203,1
6602,20201204,1
6602,20201205,1
6602,20201206,1
6602,20201207,1
6602,20201208,1
6602,20201209,1
6602,20201210,1
6602,20201211,1
6602,20201212,1
8897,20201105,1
8898,20201105,2
8899,20201218,1
8899,20201224,1
8899,20201231,1
8905,20201225,1
8905,20210101,1
1913,20201112,1
2022,20201112,2
8906,20201104,2
8907,20201104,1
8908,20201105,2
8909,20201105,1
6794,20201224,1
6794,20201231,1
6699,20201224,1
6699,20201231,1
6880,20201214,2
6880,20201215,2
6880,20201216,2
6880,20201217,2
6880,20201221,2
6880,20201222,2
6880,20201223,2
6880,20201224,2
3818,20201218,1
3818,20201219,1
3818,20201224,1
3818,20201225,1
3818,20201226,1
3818,20201231,1
3818,20210101,1
3818,20210102,1
6322,20201224,2
6322,20201231,2
6634,20201225,2
6634,20210101,2
8910,20201224,1
8910,20201231,1
6703,20201219,1
6703,20201220,1
6703,20201225,1
6703,20201226,1
6703,20201227,1
6703,20210101,1
6703,20210102,1
6703,20210103,1
4742,20201207,1
4742,20201208,1
4742,20201209,1
4742,20201210,1
4742,20201211,1
4742,20201102,1
4742,20201103,1
4742,20201104,1
4742,20201105,1
4742,20201106,1
4742,20201107,1
4742,20201108,1
4742,20201109,1
4742,20201110,1
4742,20201111,1
4742,20201112,1
4742,20201113,1
4742,20201114,1
4742,20201115,1
8911,20201207,2
8912,20201105,1
8913,20201105,2
8914,20201120,1
6624,20201110,2
5512,20201120,2
7823,20201103,2
7823,20201104,2
8915,20201104,1
8916,20201104,2
8916,20201130,2
8916,20201201,2
8916,20201202,2
6584,20201206,2
6584,20201128,2
6584,20201129,2
6587,20201210,1
3861,20201128,2
3861,20201129,2
6568,20201128,2
6568,20201129,2
8918,20210104,1
8919,20210129,1
8920,20210101,2
8920,20201225,2
8920,20201226,2
8921,20201225,1
8921,20201226,1
8921,20210101,1
8922,20201225,2
8922,20210101,2
8923,20201220,1
8923,20201225,1
8923,20201227,1
8923,20210101,1
8923,20210103,1
8925,20210101,1
8925,20201220,1
8925,20210103,2
8926,20201213,1
8927,20201218,1
8927,20210122,1
8927,20210105,2
8927,20210106,2
8927,20210107,2
8928,20210124,1
8929,20201225,1
8930,20210122,2
8931,20201231,1
8931,20201224,1
8931,20210101,2
8931,20201225,2
8931,20201226,2
8932,20201225,1
8932,20201226,1
8932,20210101,1
8933,20210129,1
8936,20201220,1
8936,20201225,1
8936,20201227,1
8936,20210101,1
8936,20210103,1
7509,20201206,2
7512,20201116,2
7512,20201118,2
5846,20201107,1
5842,20201108,1
4799,20201107,2
6338,20201219,1
6338,20201224,1
6338,20201226,1
6338,20201231,1
6338,20210102,1
6337,20201224,2
6337,20201231,2
3953,20210124,2
8940,20210101,1
8940,20201225,1
8940,20201227,2
8941,20210102,1
8943,20210102,2
647,20201225,2
647,20210101,2
8945,20201227,1
8946,20201224,2
8946,20201225,2
8946,20201231,2
8946,20210101,2
8949,20201228,1
8952,20201228,1
8955,20201226,2
8955,20201228,2
8955,20210102,2
8956,20201225,2
8956,20201228,2
8956,20210101,2
8957,20201228,2
8957,20210102,2
8959,20201225,1
8959,20210101,1
8959,20210102,2
8960,20201228,2
8960,20201226,2
8961,20210102,1
8962,20201226,2
8962,20210102,2
8963,20201226,1
5848,20210130,1
8964,20201226,2
5454,20201225,2
5454,20210101,2
8965,20201104,2
8966,20201104,1
4210,20201219,1
4210,20210130,1
8967,20201213,1
8967,20201220,1
8967,20201225,1
8967,20201227,1
8967,20210101,1
8967,20210103,1
8967,20201218,2
1516,20201225,2
1516,20210101,2
4206,20210109,1
4206,20210110,1
4206,20210116,1
4206,20210117,1
4206,20210130,1
5349,20210130,1
5340,20201102,1
5340,20201103,1
5340,20201104,1
5340,20201105,1
5340,20201106,1
5340,20201107,1
5340,20201108,1
5340,20201109,1
5340,20201110,1
5340,20201111,1
5340,20201112,1
5340,20201113,1
5340,20201114,1
5340,20201115,1
5326,20201219,1
5326,20201225,1
5326,20201226,1
5326,20210101,1
5326,20210102,1
8972,20201104,1
6835,20201108,1
6835,20201115,1
6835,20201122,1
8973,20201104,2
5568,20201225,1
5568,20210101,1
4684,20201124,2
4684,20201107,2
4684,20201108,2
8001,20201219,1
8001,20201225,1
8001,20201226,1
8001,20210101,1
8001,20210102,1
8000,20201218,1
8005,20201217,1
8005,20201214,1
8005,20201215,1
8005,20201216,1
8005,20201221,1
8005,20201222,1
8005,20201223,1
8005,20201228,1
8005,20201229,1
8005,20201230,1
1196,20201225,2
1196,20210101,2
2060,20201225,1
2060,20210101,1
7053,20201218,1
7053,20201219,1
7053,20201220,1
7053,20201224,1
7053,20201225,1
7053,20201226,1
7053,20201227,1
7053,20201231,1
7053,20210101,1
7053,20210102,1
7053,20210103,1
6694,20201225,2
6694,20210101,2
5425,20201219,1
5425,20201225,1
5425,20201226,1
5425,20210101,1
5425,20210102,1
3602,20201225,2
3602,20210101,2
7959,20201218,1
7959,20201224,1
7959,20201231,1
6711,20201225,1
6711,20210101,1
2458,20201225,2
2458,20210101,2
2738,20201106,1
2137,20201114,1
2137,20201121,1
6765,20201111,1
6716,20201105,2
6716,20201106,2
6766,20201108,1
6673,20201111,1
1543,20201120,2
5869,20201225,2
5869,20210101,2
2730,20201224,1
2730,20201231,1
2730,20201225,2
2730,20210101,2
4116,20201218,1
4116,20201219,1
4116,20201220,1
4116,20201224,1
4116,20201225,1
4116,20201226,1
4116,20201227,1
4116,20201231,1
4116,20210101,1
4116,20210102,1
4116,20210103,1
6771,20201224,1
6771,20201231,1
3212,20201109,1
4117,20201129,2
4117,20201122,2
6457,20201115,2
5771,20201130,1
5771,20201201,1
5771,20201202,1
5771,20201203,1
5771,20201204,1
5771,20201205,1
5771,20201206,1
5771,20201207,1
5771,20201208,1
5771,20201209,1
5771,20201210,1
5771,20201211,1
5771,20201212,1
5771,20201121,1
5771,20201122,1
5771,20201128,1
5771,20201129,1
6497,20201130,2
6497,20201202,2
7558,20201115,1
7558,20201130,1
7558,20201202,1
1090,20201111,1
6498,20201130,1
6498,20201202,1
1949,20201113,1
1949,20201114,2
5667,20201102,1
5667,20201103,1
5667,20201104,1
5667,20201105,1
5667,20201106,1
5667,20201107,1
5667,20201108,1
5667,20201109,1
5667,20201110,1
5667,20201111,1
5667,20201112,1
5667,20201113,1
5667,20201114,1
5667,20201115,1
6565,20201111,1
5517,20201111,1
258,20201111,1
6564,20201224,1
6564,20201231,1
3412,20201214,1
3412,20201215,1
3412,20201216,1
3412,20201217,1
3412,20201218,1
3412,20201219,1
3412,20201221,1
3412,20201222,1
3412,20201223,1
3412,20201224,1
3412,20201226,1
3412,20201228,1
3412,20201229,1
3412,20201230,1
3412,20201231,1
3412,20210102,1
5469,20201214,1
5469,20201215,1
5469,20201216,1
5469,20201213,1
5469,20201217,1
5469,20201218,1
5469,20201219,1
5469,20201220,1
5469,20201224,1
5469,20201225,1
5469,20201226,1
5469,20201227,1
5469,20201231,1
5469,20210101,1
5469,20210102,1
5469,20210103,1
7091,20201214,1
7091,20201215,1
7091,20201216,1
7091,20201217,1
7091,20201218,1
7091,20210104,1
7091,20210111,1
6992,20201213,1
6992,20201218,1
6992,20210101,2
6992,20201220,2
6520,20201214,1
6520,20201215,1
6520,20201216,1
6520,20201217,1
6520,20201218,1
6529,20201213,1
6529,20201214,1
6529,20201215,1
6529,20201216,1
6529,20201217,1
6529,20201218,1
6529,20201220,1
6529,20201221,1
6529,20201222,1
6529,20201223,1
6529,20201224,1
6529,20201227,1
6529,20201228,1
6529,20201229,1
6529,20201230,1
6529,20201231,1
6529,20210103,1
6540,20201221,2
6540,20201224,2
6540,20201225,2
6540,20201228,2
6540,20201231,2
6540,20210101,2
3325,20201220,2
3325,20201227,2
2536,20201221,2
2536,20201222,2
2536,20201223,2
2536,20201224,2
2536,20201225,2
2536,20201228,2
2536,20201229,2
2536,20201230,2
2536,20201231,2
2536,20210101,2
7871,20201214,1
6507,20201213,1
6507,20201218,1
6507,20210101,2
6507,20201220,2
6527,20201221,2
6527,20201225,2
6527,20201228,2
6527,20210101,2
6532,20201213,1
6532,20201214,1
6532,20201215,1
6532,20201216,1
6532,20201217,1
6532,20201218,1
6532,20201219,1
6532,20201220,1
6532,20201221,1
6532,20201222,1
6532,20201223,1
6532,20201224,1
6532,20201225,1
6532,20201227,1
6532,20201228,1
6532,20201229,1
6532,20201230,1
6532,20201231,1
6532,20210101,1
6532,20210103,1
6539,20201221,1
6539,20201228,1
6539,20201224,2
6539,20201231,2
2460,20210101,2
2460,20201220,2
2460,20201225,2
2460,20201227,2
3967,20201218,1
3967,20201219,1
3967,20201224,1
3967,20201226,1
3967,20201231,1
3967,20210102,1
5153,20201218,1
5153,20201213,1
5153,20201214,1
5153,20201215,1
5153,20201216,1
5153,20201217,1
5153,20201220,1
5153,20201221,1
5153,20201222,1
5153,20201223,1
5153,20201224,1
5153,20201227,1
5153,20201228,1
5153,20201229,1
5153,20201230,1
5153,20201231,1
5153,20210103,1
4878,20201221,2
4878,20201228,2
5854,20201221,2
5854,20201228,2
6577,20201218,1
6577,20201214,1
6577,20201215,1
6577,20201216,1
6577,20201217,1
6577,20201221,1
6577,20201222,1
6577,20201223,1
6577,20201224,1
6577,20201228,1
6577,20201229,1
6577,20201230,1
6577,20201231,1
624,20201221,2
624,20201222,2
624,20201223,2
624,20201224,2
624,20201225,2
624,20201228,2
624,20201229,2
624,20201230,2
624,20201231,2
624,20210101,2
5520,20201225,1
5520,20210101,1
5520,20201221,2
5520,20201228,2
3000,20201215,1
3000,20201216,1
3000,20201217,1
3000,20201218,1
4645,20201220,2
4645,20201227,2
3807,20201222,2
3807,20201223,2
3807,20201224,2
3807,20201229,2
3807,20201230,2
3807,20201231,2
6615,20201221,2
6615,20201222,2
6615,20201224,2
6615,20201228,2
6615,20201229,2
6615,20201231,2
1322,20201219,1
1322,20201225,1
1322,20201226,1
1322,20210101,1
1322,20210102,1
6828,20201218,1
3042,20210125,1
1544,20201224,1
1544,20201231,1
3039,20210125,2
6237,20201217,2
402,20201218,1
402,20201215,1
402,20201216,1
402,20201217,1
402,20201222,1
402,20201223,1
402,20201224,1
402,20201229,1
402,20201230,1
402,20201231,1
6051,20201229,2
6051,20201230,2
5814,20201224,1
5814,20201225,2
5814,20210101,2
4695,20201224,1
4695,20201231,1
4695,20201225,2
4695,20210101,2
6725,20201224,1
6725,20201231,1
5875,20210117,1
5876,20201218,1
5876,20201227,1
5876,20210103,1
5876,20201220,2
6689,20201224,2
6689,20201231,2
5874,20210110,1
5874,20210124,1
2244,20201224,1
2244,20201231,1
6791,20201218,1
6791,20201224,1
6791,20201231,1
6706,20201225,1
6706,20210101,1
2785,20201218,1
2785,20201219,1
2785,20201224,1
2785,20201225,1
2785,20201226,1
2785,20201231,1
2785,20210101,1
2785,20210102,1
5295,20201218,1
1362,20201224,2
1362,20201225,2
1362,20201228,2
1362,20201229,2
1362,20201230,2
1362,20201231,2
1362,20210101,2
3585,20201224,1
3585,20201231,1
3221,20201228,2
3221,20201218,2
3221,20210108,2
4809,20201103,1
4809,20201212,1
4807,20201107,2
6718,20201113,2
6556,20201217,1
6556,20201215,1
6556,20201216,1
6556,20201219,1
6556,20201222,1
6556,20201223,1
6556,20201226,1
6556,20201229,1
6556,20201230,1
6556,20210102,1
4885,20201218,1
4885,20201215,1
4885,20201222,1
4885,20201224,1
4885,20201229,1
4885,20201231,1
4885,20201217,2
307,20201111,1
6466,20201107,2
6466,20201108,2
6469,20201107,2
6469,20201108,2
6455,20201106,2
6455,20201107,2
5506,20201107,2
5506,20201205,2
5506,20201206,2
6476,20201106,2
6476,20201107,2
6811,20201218,2
6631,20201225,2
6631,20210101,2
6628,20201225,2
6628,20210101,2
5193,20201225,2
5193,20210101,2
2712,20201110,2
6741,20201231,2
6797,20201225,2
6797,20201231,2
6797,20210101,2
4381,20201225,2
4381,20210101,2
3356,20201217,1
3331,20201225,2
3331,20210101,2
6679,20201224,2
6679,20201231,2
6866,20201225,1
6866,20210101,1
6848,20201224,1
6848,20201231,1
6802,20201225,2
6802,20210101,2
6823,20201225,2
6823,20210101,2
6816,20201218,1
6816,20201219,1
6816,20201224,1
6816,20201225,1
6816,20201226,1
6816,20201231,1
6816,20210101,1
6816,20210102,1
5843,20201206,1
6164,20201225,2
6691,20201207,1
6599,20210108,1
6599,20201218,1
6599,20210115,1
3859,20201214,1
3859,20201215,1
3859,20201216,1
3859,20201217,1
3859,20201221,1
3859,20201222,1
3859,20201223,1
3859,20201228,1
3859,20201229,1
3859,20201230,1
3859,20210105,2
3537,20201224,1
3537,20201231,1
3864,20201224,1
3864,20201231,1
6588,20210124,1
6571,20201213,1
6571,20201219,1
6571,20201220,1
6571,20201225,1
6571,20201226,1
6571,20201227,1
6571,20210101,1
6571,20210102,1
6571,20210103,1
1778,20201214,1
1778,20201218,1
1760,20201219,1
1760,20201225,1
1760,20201226,1
1760,20210101,1
1760,20210102,1
1772,20210124,1
3832,20201218,1
6534,20201218,2
3948,20201219,1
3948,20201220,1
3948,20201225,1
3948,20201226,1
3948,20201227,1
3948,20210101,1
3948,20210102,1
3948,20210103,1
3949,20201218,1
3949,20201217,1
3949,20201221,1
3949,20201222,1
3949,20201223,1
3949,20201224,1
3949,20201228,1
3949,20201229,1
3949,20201230,1
3949,20201231,1
6468,20201220,1
6468,20201225,1
6468,20201227,1
6468,20210101,1
6468,20210103,1
6460,20201218,1
6460,20201220,1
6460,20201227,1
6460,20210103,1
6448,20210104,1
6448,20210105,1
6448,20210106,1
6448,20210107,1
6448,20210108,1
6448,20210110,1
6448,20210111,1
6448,20210112,1
6448,20210113,1
6448,20210114,1
6448,20210115,1
6448,20210117,1
6448,20210118,1
6453,20210125,1
6450,20201224,2
6450,20201225,2
6450,20201231,2
6450,20210101,2
4641,20201214,2
4641,20201215,2
4641,20201216,2
4641,20201217,2
4641,20201218,2
4641,20210125,2
4641,20210126,2
4641,20210127,2
4641,20210128,2
4641,20210129,2
4536,20201226,2
4536,20210102,2
5739,20210118,2
5739,20210119,2
5739,20210120,2
5739,20210121,2
5739,20210122,2
5739,20210125,2
5739,20210126,2
5739,20210127,2
5739,20210128,2
5739,20210129,2
465,20201111,2
2540,20201225,2
2540,20201226,2
2540,20210101,2
2540,20210102,2
