service_id,date,exception_type
7918,20210213,2
7918,20210220,2
7918,20210227,2
7919,20201217,1
7919,20201218,2
7920,20201211,1
7921,20201211,1
7924,20210305,1
7924,20201218,1
7924,20201224,1
7924,20201231,1
7925,20201225,2
7925,20210101,2
7926,20210305,1
7926,20201224,1
7926,20201231,1
7926,20201218,1
7926,20210108,1
7926,20210115,1
7926,20210122,1
7926,20210129,1
7926,20210205,1
7926,20210212,1
7926,20210219,1
7926,20210225,2
7926,20210304,2
7926,20201225,2
7926,20210101,2
7927,20201211,1
5694,20201224,1
5694,20201231,1
5694,20201225,2
5694,20210101,2
7928,20201212,1
5444,20201225,2
5444,20210101,2
118,20201212,1
7929,20201225,1
7929,20210101,1
7930,20201211,1
7931,20201217,1
7931,20201225,1
7931,20210226,1
7933,20201211,1
7934,20201211,1
7935,20210101,1
7936,20201218,1
7936,20201217,2
7938,20210212,1
7938,20210213,1
7938,20210214,1
7938,20210219,1
7938,20210220,1
7938,20210221,1
7938,20210226,1
7938,20210227,1
7938,20210228,1
7938,20210305,1
7941,20201211,1
2199,20201225,2
7945,20201207,1
7946,20201224,2
7950,20201225,2
7950,20210101,2
7951,20201217,1
7951,20201218,2
7952,20210213,2
7952,20210220,2
7952,20210227,2
7953,20201225,1
7953,20210101,1
79,20201211,1
7954,20210212,1
7954,20210213,1
7954,20210214,1
7954,20210219,1
7954,20210220,1
7954,20210221,1
7954,20210226,1
7954,20210227,1
7954,20210228,1
7954,20210305,1
7955,20201218,1
7955,20201217,2
7956,20201211,1
3410,20201224,2
3410,20201231,2
3881,20201224,1
3881,20201231,1
3881,20201225,2
3881,20210101,2
7958,20201207,1
7959,20201211,1
5487,20201224,2
5487,20201225,2
5487,20201231,2
5487,20210101,2
7961,20201217,1
7965,20210221,1
4018,20201210,1
5424,20201218,1
266,20201212,1
7966,20201211,1
7967,20210305,1
7967,20201224,1
7967,20201231,1
7967,20201218,1
7967,20210108,1
7967,20210115,1
7967,20210122,1
7967,20210129,1
7967,20210205,1
7967,20210212,1
7967,20210219,1
7967,20210225,2
7967,20210304,2
7967,20201225,2
7967,20210101,2
7969,20210226,2
7969,20210213,2
7970,20201207,1
7971,20210104,1
7974,20201217,1
7974,20201221,1
7974,20201222,1
7974,20201223,1
7974,20201228,1
7974,20201229,1
7974,20201230,1
7974,20210221,2
7977,20201214,1
7977,20201218,1
7977,20201219,1
7977,20201221,1
7977,20201224,1
7977,20201225,1
7977,20201226,1
7977,20201228,1
7977,20201231,1
7977,20210101,1
7977,20210102,1
7977,20210306,1
7977,20210208,1
7977,20210212,1
7977,20210215,1
7977,20210219,1
7977,20210222,1
7977,20210301,1
7977,20210305,1
7977,20210226,2
1043,20201225,2
7980,20201224,1
7980,20201231,1
7980,20201218,1
7980,20210108,1
7980,20210115,1
7980,20210122,1
7980,20210129,1
7980,20210205,1
7980,20210219,1
7980,20210226,1
7980,20210305,1
7980,20210211,2
7980,20201225,2
7980,20210101,2
7984,20210227,1
5002,20201225,1
5002,20210101,1
7985,20210213,1
7985,20210226,1
1293,20201211,1
7987,20201218,1
7988,20201207,1
7989,20210212,1
7989,20201224,2
7989,20201231,2
7991,20210101,1
7992,20201225,1
7992,20201219,1
7992,20210102,1
7992,20201213,1
7992,20201220,1
418,20201207,1
7994,20210226,1
7994,20210209,1
7994,20210210,1
7994,20210211,1
7994,20210213,1
7994,20210216,1
7994,20210217,1
7994,20210218,1
7994,20210220,1
7994,20210223,1
7994,20210224,1
7994,20210225,1
7994,20210227,1
7994,20210302,1
7994,20210303,1
7994,20210304,1
7994,20201217,1
7994,20201215,1
7994,20201216,1
7994,20201222,1
7994,20201223,1
7994,20201229,1
7994,20201230,1
7999,20201218,1
8001,20201225,1
8001,20210101,1
8001,20210227,2
8002,20201218,1
8008,20201224,1
8008,20201225,1
8008,20201231,1
8008,20210101,1
8008,20201218,1
8009,20201217,1
8010,20201225,2
8010,20210101,2
5481,20201224,2
5481,20201231,2
8012,20201211,1
8013,20210221,2
8015,20210220,2
8015,20210214,2
8016,20201213,1
8018,20210305,1
8018,20201224,1
8018,20201231,1
8018,20201218,1
8018,20210108,1
8018,20210115,1
8018,20210122,1
8018,20210129,1
8018,20210205,1
8018,20210212,1
8018,20210219,1
8018,20210225,2
8018,20210304,2
8018,20201225,2
8018,20210101,2
8019,20210213,2
8019,20210220,2
8019,20210227,2
8020,20201217,1
8020,20201218,2
8022,20201211,1
8023,20210101,1
8024,20201217,1
8024,20201225,1
8024,20210226,1
8025,20201218,1
8025,20201217,2
8026,20201212,1
8028,20210221,1
8030,20210214,1
8030,20210220,1
8031,20210213,1
8031,20210214,1
8031,20210220,1
8031,20210221,1
8031,20210227,1
8031,20210228,1
8034,20201207,1
8037,20201218,1
8040,20201225,2
8040,20210101,2
8041,20201214,1
8041,20201215,1
8041,20201216,1
8041,20201217,1
8041,20201219,1
8041,20210306,1
8041,20210208,1
8041,20210209,1
8041,20210210,1
8041,20210211,1
8041,20210215,1
8041,20210216,1
8041,20210217,1
8041,20210218,1
8041,20210222,1
8041,20210223,1
8041,20210224,1
8041,20210225,1
8041,20210301,1
8041,20210302,1
8041,20210303,1
8041,20210304,1
8041,20201221,1
8041,20201222,1
8041,20201223,1
8041,20201225,1
8041,20201226,1
8041,20201228,1
8041,20201229,1
8041,20201230,1
8041,20210101,1
8041,20210102,1
8042,20201213,1
8042,20201218,1
8042,20201220,1
8042,20210212,1
8042,20210213,1
8042,20210214,1
8042,20210219,1
8042,20210220,1
8042,20210221,1
8042,20210226,1
8042,20210227,1
8042,20210228,1
8042,20210305,1
8042,20201224,1
8042,20201227,1
8042,20201231,1
8042,20210103,1
2730,20201211,1
8044,20201207,1
8045,20201225,2
8045,20210101,2
8045,20210212,2
8046,20210305,1
8046,20201224,1
8046,20201231,1
8046,20201218,1
8046,20210108,1
8046,20210115,1
8046,20210122,1
8046,20210129,1
8046,20210205,1
8046,20210212,1
8046,20210219,1
8046,20210225,2
8046,20210304,2
8046,20201225,2
8046,20210101,2
8048,20201211,1
8049,20201225,2
8051,20201225,2
8052,20201218,1
8053,20210213,2
8054,20201218,1
8054,20201217,2
2235,20201225,1
2235,20210101,1
8057,20201224,1
8057,20201231,1
8057,20201225,2
8057,20210101,2
8058,20201211,1
8061,20201224,2
8061,20201231,2
8062,20201211,1
8066,20201217,1
8067,20201224,2
8067,20201231,2
8068,20201211,1
8069,20210226,2
8071,20210221,2
8071,20201225,2
8071,20210101,2
8074,20210220,2
8074,20210227,2
8075,20210212,1
8075,20201224,2
8075,20201231,2
8076,20210101,1
8077,20201225,1
8079,20201218,1
8081,20201218,1
8081,20201217,2
8082,20201210,1
8085,20201224,2
8085,20201231,2
8086,20201207,1
8090,20210226,1
8091,20210221,1
8092,20210226,1
8094,20201207,1
8097,20201217,1
8098,20210213,1
8105,20201218,1
8105,20201219,1
8105,20201224,1
8105,20201225,1
8105,20201226,1
8105,20201231,1
8105,20210101,1
8105,20210102,1
8105,20210219,1
8105,20210220,1
8105,20210226,1
8105,20210227,1
8105,20210305,1
8106,20201224,1
8106,20201231,1
8106,20210221,2
8106,20201225,2
8106,20210101,2
8108,20210212,1
4423,20201225,2
4423,20210101,2
8112,20201226,1
8112,20210102,1
8112,20201219,1
2055,20201224,1
2055,20201226,1
2055,20201231,1
2055,20210102,1
2055,20201219,1
8115,20201223,2
8115,20201224,2
8117,20201211,1
8118,20210219,2
8118,20210226,2
2215,20201224,1
2215,20201231,1
2215,20201225,2
2215,20210101,2
8119,20201223,1
1491,20201225,1
1491,20210101,1
1491,20201224,2
1491,20201231,2
1508,20201225,2
1508,20210101,2
234,20201224,2
234,20201231,2
248,20201224,1
248,20201231,1
248,20201225,2
248,20210101,2
5667,20201218,1
8121,20201209,1
8122,20201207,1
8123,20201224,2
8124,20201225,2
8124,20210101,2
8124,20210226,2
8125,20210304,1
8125,20201222,1
8125,20201223,1
8125,20201229,1
8125,20201230,1
8125,20201215,1
8125,20201216,1
8125,20201217,1
8125,20210105,1
8125,20210106,1
8125,20210107,1
8125,20210112,1
8125,20210113,1
8125,20210114,1
8125,20210119,1
8125,20210120,1
8125,20210121,1
8125,20210126,1
8125,20210127,1
8125,20210128,1
8125,20210202,1
8125,20210203,1
8125,20210204,1
8125,20210209,1
8125,20210210,1
8125,20210211,1
8125,20210216,2
8125,20210217,2
8125,20210223,2
8125,20210224,2
8125,20201224,2
8125,20201231,2
1783,20201225,2
1783,20210101,2
8126,20210220,2
8126,20210227,2
8129,20210304,1
8129,20201221,1
8129,20201222,1
8129,20201223,1
8129,20201228,1
8129,20201229,1
8129,20201230,1
8129,20201214,1
8129,20201215,1
8129,20201216,1
8129,20201217,1
8129,20210104,1
8129,20210105,1
8129,20210106,1
8129,20210107,1
8129,20210111,1
8129,20210112,1
8129,20210113,1
8129,20210114,1
8129,20210118,1
8129,20210119,1
8129,20210120,1
8129,20210121,1
8129,20210125,1
8129,20210126,1
8129,20210127,1
8129,20210128,1
8129,20210201,1
8129,20210202,1
8129,20210203,1
8129,20210204,1
8129,20210208,1
8129,20210209,1
8129,20210210,1
8129,20210211,1
8129,20210215,2
8129,20210216,2
8129,20210217,2
8129,20210222,2
8129,20210223,2
8129,20210224,2
8129,20201224,2
8129,20201231,2
5556,20201224,2
5556,20201231,2
8133,20210215,2
8133,20210216,2
8133,20210217,2
8133,20210218,2
8133,20210222,2
8133,20210223,2
8133,20210224,2
8133,20210225,2
321,20201212,1
8135,20201212,1
8137,20201221,1
8137,20201222,1
8137,20201225,1
8137,20201226,1
8137,20201219,1
8137,20201228,1
8137,20201229,1
8137,20201230,1
8137,20210101,1
8139,20210226,1
8140,20201224,2
8142,20201211,1
8144,20201219,1
8144,20201226,1
8144,20210215,2
8144,20210222,2
8145,20201223,1
5506,20201225,2
5506,20210101,2
5506,20210219,2
5506,20210226,2
261,20201218,1
5103,20201225,1
5103,20210101,1
8147,20201224,1
8147,20201231,1
8147,20210220,2
8147,20210227,2
8149,20201225,2
8149,20210101,2
8149,20210226,2
5581,20201211,1
1289,20201224,1
1289,20201231,1
1289,20201225,2
1289,20210101,2
8150,20201224,2
4733,20201224,1
4733,20201231,1
4733,20201225,2
4733,20210101,2
8151,20201223,1
8152,20201225,2
8152,20210101,2
8153,20201211,1
8154,20201223,2
8154,20201224,2
8155,20210226,1
8156,20210220,1
8156,20210227,1
8156,20201224,2
8156,20201231,2
8157,20201230,1
8158,20201223,1
8162,20210304,1
8162,20201221,1
8162,20201222,1
8162,20201223,1
8162,20201228,1
8162,20201229,1
8162,20201230,1
8162,20201214,1
8162,20201215,1
8162,20201216,1
8162,20201217,1
8162,20210104,1
8162,20210105,1
8162,20210106,1
8162,20210107,1
8162,20210111,1
8162,20210112,1
8162,20210113,1
8162,20210114,1
8162,20210118,1
8162,20210119,1
8162,20210120,1
8162,20210121,1
8162,20210125,1
8162,20210126,1
8162,20210127,1
8162,20210128,1
8162,20210201,1
8162,20210202,1
8162,20210203,1
8162,20210204,1
8162,20210208,1
8162,20210209,1
8162,20210210,1
8162,20210211,1
8162,20210215,2
8162,20210216,2
8162,20210217,2
8162,20210222,2
8162,20210223,2
8162,20210224,2
8162,20201224,2
8162,20201231,2
8166,20201214,2
8166,20201215,2
8166,20201216,2
8169,20210216,1
8170,20210226,1
8170,20210219,1
8170,20210220,2
8173,20210226,2
8173,20210220,2
1534,20201224,2
1534,20201225,2
8175,20210104,1
8178,20210220,2
8181,20201226,1
8181,20210215,2
8181,20210222,2
8182,20201212,1
8183,20201225,2
8184,20210215,1
8185,20210222,1
1131,20201225,1
8186,20210220,1
8186,20210219,2
8186,20210226,2
8187,20201212,1
8189,20210226,1
5559,20201218,1
8190,20201211,1
8193,20210214,2
8194,20201211,1
8195,20210306,1
8195,20210212,1
8195,20210219,1
8195,20210226,1
8195,20210305,1
8195,20201218,1
8195,20201219,1
8195,20201224,1
8195,20201225,1
8195,20201226,1
8195,20201231,1
8195,20210101,1
8195,20210102,1
8196,20210304,1
8196,20201221,1
8196,20201222,1
8196,20201223,1
8196,20201228,1
8196,20201229,1
8196,20201230,1
8196,20201214,1
8196,20201215,1
8196,20201216,1
8196,20201217,1
8196,20210104,1
8196,20210105,1
8196,20210106,1
8196,20210107,1
8196,20210111,1
8196,20210112,1
8196,20210113,1
8196,20210114,1
8196,20210118,1
8196,20210119,1
8196,20210120,1
8196,20210121,1
8196,20210125,1
8196,20210126,1
8196,20210127,1
8196,20210128,1
8196,20210201,1
8196,20210202,1
8196,20210203,1
8196,20210204,1
8196,20210208,1
8196,20210209,1
8196,20210210,1
8196,20210211,1
8196,20210215,2
8196,20210216,2
8196,20210217,2
8196,20210222,2
8196,20210223,2
8196,20210224,2
8196,20201224,2
8196,20201231,2
8198,20201212,1
8199,20210209,1
8199,20210210,1
8199,20210211,1
8199,20210213,1
8199,20210216,1
8199,20210217,1
8199,20210218,1
8199,20210220,1
8199,20210223,1
8199,20210224,1
8199,20210225,1
8199,20210227,1
8199,20210302,1
8199,20210303,1
8199,20210304,1
8199,20201217,1
8199,20201215,1
8199,20201216,1
8199,20201222,1
8199,20201223,1
8199,20201229,1
8199,20201230,1
8201,20210214,1
1324,20201218,1
405,20201225,2
405,20210101,2
328,20201224,2
328,20201231,2
1374,20201207,1
8202,20201224,2
8202,20201231,2
263,20201225,2
263,20210101,2
2402,20201224,2
1060,20201224,1
1060,20201231,1
1060,20201225,2
1060,20210101,2
5590,20201218,1
5590,20201221,1
5590,20201222,1
5590,20201223,1
5590,20201224,1
5590,20201228,1
5590,20201229,1
5590,20201230,1
5590,20201231,1
5590,20201225,2
5590,20210101,2
8204,20201207,1
8205,20201224,1
8205,20201231,1
8205,20210220,2
8206,20201225,1
8206,20210101,1
8206,20210220,2
8206,20210227,2
8209,20201207,1
8211,20210220,1
8211,20201224,2
8211,20201231,2
8212,20210220,1
8212,20210227,1
8212,20201225,2
8212,20210101,2
8215,20201225,1
8215,20210101,1
8215,20210102,2
8218,20201215,1
8218,20201216,1
8218,20201217,1
8218,20201218,1
8218,20201220,1
8218,20201222,1
8218,20201223,1
8218,20201224,1
8218,20201225,1
8218,20201227,1
8218,20201229,1
8218,20201230,1
8218,20201231,1
8218,20210101,1
8218,20210103,1
8218,20201213,1
1067,20201224,2
1067,20201231,2
8219,20210102,1
8222,20210104,1
8223,20201207,1
8225,20201225,1
8225,20210101,1
8225,20210220,2
8225,20210227,2
8228,20201225,1
8228,20210101,1
8228,20210220,2
8228,20210227,2
8229,20210301,1
8232,20201212,1
8233,20201224,1
8233,20201231,1
8234,20201212,1
8235,20201213,1
8239,20201215,1
8239,20201216,1
8239,20201217,1
8239,20201218,1
8239,20201220,1
8239,20201222,1
8239,20201223,1
8239,20201224,1
8239,20201225,1
8239,20201227,1
8239,20201229,1
8239,20201230,1
8239,20201231,1
8239,20210101,1
8239,20210103,1
8239,20201213,1
8240,20201224,2
8240,20201231,2
8241,20201211,1
8244,20201224,2
8244,20201231,2
8247,20210220,1
8247,20210227,1
8247,20201225,2
8247,20210101,2
8249,20210220,2
8249,20210227,2
8251,20210301,1
8252,20210226,2
8254,20201207,1
8255,20201211,1
8258,20210102,1
8259,20210219,2
8259,20210226,2
1276,20201218,1
8261,20201210,1
8264,20201225,1
8264,20210102,2
8266,20210226,1
5742,20201220,1
5742,20201224,1
5742,20201227,1
5742,20201231,1
5742,20210103,1
5742,20201213,1
5742,20201225,2
5742,20210101,2
8268,20201211,1
8269,20201208,1
8270,20210214,2
8271,20201224,1
8271,20201231,1
8272,20201212,1
8274,20201218,1
8274,20201217,2
8278,20201224,2
8280,20201212,1
8281,20201224,2
8281,20201231,2
8283,20210214,1
2408,20201214,1
2408,20201215,1
2408,20201216,1
2408,20201217,1
2408,20201218,1
2408,20201221,1
2408,20201222,1
2408,20201223,1
2408,20201224,1
2408,20201228,1
2408,20201229,1
2408,20201230,1
2408,20201231,1
178,20201225,2
178,20210101,2
2042,20201224,2
2042,20201225,2
2173,20210109,1
2173,20201219,1
2173,20210116,1
4515,20210306,1
139,20210123,1
6241,20210306,1
3616,20201214,1
3616,20201215,1
3616,20201216,1
3616,20201217,1
3616,20201218,1
3616,20201221,1
3616,20201222,1
3616,20201223,1
3616,20201224,1
3616,20201228,1
3616,20201229,1
3616,20201230,1
3616,20201231,1
2852,20201214,1
2852,20201215,1
2852,20201216,1
2852,20201217,1
2852,20201218,1
2852,20201221,1
2852,20201222,1
2852,20201223,1
2852,20201224,1
2852,20201228,1
2852,20201229,1
2852,20201230,1
2852,20201231,1
164,20210124,1
8284,20210306,1
8285,20210109,1
8285,20201219,1
8285,20210116,1
8287,20201212,1
8289,20201212,1
4852,20201214,1
4852,20201215,1
4852,20201216,1
4852,20201217,1
4852,20201218,1
4852,20201221,1
4852,20201222,1
4852,20201223,1
4852,20201224,1
4852,20201228,1
4852,20201229,1
4852,20201230,1
4852,20201231,1
5250,20201224,1
5250,20201231,1
5250,20201225,2
5250,20210101,2
8291,20210108,1
8291,20201218,1
8291,20210115,1
3463,20201213,1
8294,20210108,1
8294,20201218,1
8294,20210115,1
8298,20201212,1
8301,20201214,1
8301,20201215,1
8301,20201216,1
8301,20201217,1
8301,20201221,1
8301,20201222,1
8301,20201223,1
8301,20201228,1
8301,20201229,1
8301,20201230,1
8303,20210220,1
8303,20210306,1
8304,20210109,1
8304,20201219,1
8304,20210116,1
8305,20210213,1
8305,20210227,1
5252,20201224,2
5252,20201231,2
6228,20201225,2
6228,20210101,2
6221,20210301,1
6221,20210302,1
6221,20210303,1
6221,20210304,1
6221,20210305,1
8306,20201220,2
8306,20201227,2
8306,20210214,2
8306,20210221,2
6218,20201214,1
6218,20201215,1
6218,20201216,1
6218,20201217,1
6218,20201218,1
6218,20201221,1
6218,20201222,1
6218,20201223,1
6218,20201228,1
6218,20201229,1
6218,20201230,1
8308,20201212,1
5354,20201221,2
5354,20201222,2
5354,20201223,2
5354,20201224,2
5354,20201228,2
5354,20201229,2
5354,20201230,2
5354,20201231,2
8309,20201212,1
8310,20201212,1
8312,20201219,1
2333,20201220,2
2333,20201227,2
5383,20201221,2
5383,20201228,2
6179,20201221,2
6179,20201222,2
6179,20201223,2
6179,20201224,2
6179,20201228,2
6179,20201229,2
6179,20201230,2
6179,20201231,2
8314,20201220,2
8314,20201227,2
6178,20201224,1
6178,20201231,1
6178,20201225,2
6178,20210101,2
1881,20201214,1
1881,20201215,1
1881,20201216,1
1881,20201217,1
1881,20201218,1
1881,20210208,1
1881,20210215,1
1881,20210222,1
1881,20210301,1
1881,20201221,1
1881,20201222,1
1881,20201223,1
1881,20201228,1
1881,20201229,1
1881,20201230,1
8315,20201212,1
381,20201221,2
381,20201222,2
381,20201223,2
381,20201224,2
381,20201225,2
381,20201228,2
381,20201229,2
381,20201230,2
381,20201231,2
381,20210101,2
8316,20201227,2
8316,20210103,2
4751,20201220,2
4751,20201227,2
8317,20201212,1
3570,20210109,1
3570,20210116,1
3570,20210123,1
1268,20210220,2
8322,20201228,2
8322,20201222,2
8322,20201227,2
1263,20210104,1
1263,20210214,1
1263,20210228,1
7789,20210221,2
8323,20201228,1
8324,20201222,1
8324,20201225,1
8324,20210101,1
8324,20201226,2
8324,20210102,2
8324,20210220,2
8325,20210102,1
8325,20201226,1
8325,20210101,2
8325,20201222,2
8325,20201225,2
8325,20210221,2
8326,20201226,2
8326,20210220,2
8327,20201226,1
8327,20210221,2
8328,20201212,1
6032,20210104,1
6032,20210220,2
6032,20210221,2
6151,20210220,2
8329,20201223,2
8329,20201228,2
8329,20201229,2
8330,20201223,1
1653,20210210,1
1595,20210202,1
1039,20210130,1
583,20210222,1
1610,20210103,1
1512,20201229,1
1633,20210108,1
1400,20201219,1
1651,20210204,1
1094,20210131,1
1659,20210120,1
1531,20210305,1
1404,20210116,1
947,20210214,1
1631,20210209,1
1026,20201231,1
1660,20210224,1
419,20201214,1
1677,20201223,1
1438,20210125,1
1649,20210110,1
1409,20201228,1
1619,20210217,1
1629,20210117,1
1615,20210115,1
952,20210206,1
1662,20201215,1
706,20210208,1
1636,20210215,1
1436,20210126,1
1664,20210223,1
1439,20210129,1
1299,20210219,1
1351,20201217,1
1634,20210304,1
1612,20210107,1
1177,20210228,1
506,20201213,1
842,20210207,1
1640,20210121,1
1632,20210302,1
1027,20210101,1
750,20210105,1
1582,20210114,1
1207,20201230,1
1230,20210306,1
1658,20210122,1
1597,20210104,1
1553,20201224,1
1656,20201220,1
734,20201227,1
1584,20201216,1
1600,20201222,1
1403,20210102,1
1305,20210205,1
1674,20210111,1
1472,20210301,1
1663,20210212,1
1401,20201226,1
1598,20210211,1
1626,20210303,1
1440,20201221,1
1623,20210226,1
1679,20210225,1
1604,20210113,1
1076,20210227,1
1606,20210203,1
1593,20210118,1
1449,20210201,1
1616,20210216,1
1601,20210218,1
1657,20210119,1
1647,20210106,1
1672,20210112,1
1437,20210127,1
1402,20210109,1
942,20210213,1
1435,20210128,1
8332,20201225,1
8332,20210101,1
8332,20210220,2
8332,20210221,2
8334,20201221,1
8335,20201225,2
8335,20210101,2
8336,20201226,1
8337,20210213,1
8337,20210306,1
8338,20201211,1
8339,20201231,2
8339,20201221,2
8339,20201224,2
8340,20210214,1
8341,20201226,2
8342,20201230,1
6067,20210104,1
6067,20210105,1
6067,20210106,1
6067,20210107,1
6067,20210108,1
6067,20210110,1
6067,20210111,1
6067,20210112,1
6067,20210113,1
6067,20210114,1
6067,20210115,1
6067,20210117,1
6067,20210118,1
6067,20210119,1
6067,20210120,1
6067,20210121,1
6067,20210122,1
6067,20210124,1
6067,20210125,1
6067,20210126,1
6067,20210127,1
6067,20210128,1
6067,20210129,1
6067,20210131,1
6067,20210201,1
6067,20210202,1
6067,20210203,1
6067,20210204,1
6067,20210205,1
6067,20210207,1
6067,20210214,1
6067,20210228,1
6067,20210221,2
6067,20210208,2
6067,20210209,2
6067,20210210,2
6067,20210211,2
6067,20210212,2
6067,20210222,2
6067,20210223,2
6067,20210224,2
6067,20210225,2
6067,20210226,2
8345,20201225,2
8345,20201230,2
8345,20210101,2
1563,20210221,2
8347,20210101,1
8348,20201224,2
8348,20201231,2
8348,20210218,2
8350,20201224,1
8350,20201231,1
8350,20210101,2
8350,20210219,2
8351,20210220,2
8351,20210221,2
8352,20210222,1
8352,20210223,1
8352,20210224,1
8352,20210225,1
8352,20210226,1
8352,20210301,1
8352,20210302,1
8352,20210303,1
8352,20210304,1
8352,20210305,1
8352,20210218,2
8352,20201225,2
8352,20210101,2
1645,20210222,1
1645,20210223,1
1645,20210224,1
1645,20210225,1
1645,20210226,1
1645,20210301,1
1645,20210302,1
1645,20210303,1
1645,20210304,1
1645,20210305,1
1645,20210218,2
1645,20201225,2
1645,20210101,2
2844,20210222,1
2844,20210223,1
2844,20210224,1
2844,20210225,1
2844,20210226,1
2844,20210227,1
2844,20210301,1
2844,20210302,1
2844,20210303,1
2844,20210304,1
2844,20210305,1
2844,20210306,1
2844,20210218,2
2844,20210220,2
2844,20201225,2
2844,20210101,2
5976,20201224,1
5976,20201231,1
5976,20210219,2
5976,20210220,2
8353,20210221,2
3866,20210222,1
3866,20210223,1
3866,20210224,1
3866,20210225,1
3866,20210226,1
3866,20210227,1
3866,20210301,1
3866,20210302,1
3866,20210303,1
3866,20210304,1
3866,20210305,1
3866,20210306,1
3866,20210218,2
3866,20210220,2
3866,20201225,2
3866,20210101,2
8354,20201211,1
8355,20210222,1
8355,20210223,1
8355,20210224,1
8355,20210225,1
8355,20210226,1
8355,20210228,1
8355,20210301,1
8355,20210302,1
8355,20210303,1
8355,20210304,1
8355,20210305,1
8355,20210218,2
8355,20210221,2
8355,20201218,2
8355,20201225,2
8355,20210101,2
4224,20201224,1
4224,20201231,1
4224,20201213,1
4224,20201218,1
4224,20201220,1
4224,20201227,1
4224,20210103,1
4224,20210108,1
4224,20210110,1
4224,20210115,1
4224,20210117,1
4224,20210122,1
4224,20210124,1
4224,20210129,1
4224,20210131,1
4224,20210205,1
4224,20210207,1
4224,20210212,1
4224,20210214,1
4224,20210226,1
4224,20210228,1
4224,20210305,1
4224,20210218,2
4224,20210221,2
4224,20201225,2
4224,20210101,2
8358,20201211,1
1831,20201224,1
1831,20201231,1
1831,20201218,1
1831,20210108,1
1831,20210115,1
1831,20210122,1
1831,20210129,1
1831,20210205,1
1831,20210212,1
1831,20210226,1
1831,20210305,1
1831,20210218,2
1831,20201225,2
1831,20210101,2
8360,20201225,1
8360,20210101,1
8360,20201218,1
8360,20210220,2
4883,20210222,1
4883,20210223,1
4883,20210224,1
4883,20210225,1
4883,20210226,1
4883,20210301,1
4883,20210302,1
4883,20210303,1
4883,20210304,1
4883,20210305,1
4883,20210105,2
4883,20210218,2
4883,20201225,2
4883,20210101,2
6101,20210306,1
6101,20201213,1
6101,20201219,1
6101,20201220,1
6101,20201226,1
6101,20201227,1
6101,20210102,1
6101,20210103,1
6101,20210109,1
6101,20210110,1
6101,20210116,1
6101,20210117,1
6101,20210123,1
6101,20210124,1
6101,20210130,1
6101,20210131,1
6101,20210206,1
6101,20210207,1
6101,20210214,1
6101,20210228,1
6101,20210221,2
6101,20210213,2
6101,20210227,2
3966,20201217,1
3966,20201222,1
3966,20201223,1
3966,20201229,1
3966,20201230,1
3966,20210221,2
6040,20201224,1
6040,20201226,1
6040,20201227,1
6040,20201231,1
6040,20210102,1
6040,20210103,1
6040,20201213,1
6040,20210219,2
6040,20201217,2
5971,20210222,1
5971,20210223,1
5971,20210224,1
5971,20210225,1
5971,20210228,1
5971,20210301,1
5971,20210302,1
5971,20210303,1
5971,20210304,1
5971,20210221,2
5971,20201224,2
5971,20201231,2
8361,20210218,2
8361,20210219,2
8361,20210220,2
8361,20210221,2
8362,20210218,2
8362,20210219,2
8362,20210220,2
8362,20210221,2
8363,20201225,1
8363,20210101,1
8363,20210220,2
1072,20210124,1
1072,20201213,1
1759,20210124,2
1759,20210221,2
8365,20210223,1
8365,20210224,1
8365,20210225,1
8365,20210226,1
8365,20210302,1
8365,20210303,1
8365,20210304,1
8365,20210305,1
8365,20210218,2
8365,20201225,2
8365,20210101,2
2281,20210222,1
2281,20210223,1
2281,20210224,1
2281,20210225,1
2281,20210226,1
2281,20210301,1
2281,20210302,1
2281,20210303,1
2281,20210304,1
2281,20210305,1
2281,20210218,2
2281,20201225,2
2281,20210101,2
3360,20210131,1
3360,20210214,1
143,20201212,1
8366,20201211,1
3358,20210124,1
3358,20210207,1
3358,20210228,1
6098,20210218,2
6098,20210219,2
6098,20210220,2
6098,20210221,2
2603,20210123,1
2603,20210206,1
2603,20201219,1
2603,20201225,1
2603,20201226,1
2603,20210101,1
2603,20210102,1
2605,20210130,1
2605,20210213,1
2808,20201225,1
2808,20210101,1
2808,20210220,2
2808,20210221,2
5096,20201224,2
5096,20201231,2
5096,20210218,2
3739,20201224,1
3739,20201231,1
3739,20201218,1
3739,20210108,1
3739,20210115,1
3739,20210129,1
3739,20210205,1
3739,20210212,1
3739,20210226,1
3739,20210305,1
3739,20210121,2
3739,20210218,2
3739,20201225,2
3739,20210101,2
3738,20201211,1
6106,20210222,1
6106,20210223,1
6106,20210224,1
6106,20210225,1
6106,20210226,1
6106,20210228,1
6106,20210301,1
6106,20210302,1
6106,20210303,1
6106,20210304,1
6106,20210305,1
6106,20210218,2
6106,20210221,2
6106,20201225,2
6106,20210101,2
8367,20210223,1
8367,20210224,1
8367,20210225,1
8367,20210226,1
8367,20210302,1
8367,20210303,1
8367,20210304,1
8367,20210305,1
8367,20210218,2
8367,20201225,2
8367,20210101,2
8369,20210124,2
8369,20210221,2
5085,20210218,2
5085,20201225,2
5085,20210101,2
6137,20201225,1
6137,20201226,1
6137,20210101,1
6137,20210102,1
6137,20201219,1
6137,20210306,1
6138,20201225,1
6138,20201226,1
6138,20210101,1
6138,20210102,1
6138,20210221,2
6138,20201218,2
8371,20210201,1
8371,20210202,1
8371,20210203,1
8371,20210204,1
8371,20210205,1
8371,20210206,1
8371,20210207,1
8371,20210208,1
8371,20210209,1
8371,20210210,1
8371,20210211,1
8371,20210212,1
8371,20210213,1
8371,20210214,1
8371,20210222,1
8371,20210223,1
8371,20210224,1
8371,20210225,1
8371,20210226,1
8371,20210227,1
8371,20210228,1
8371,20210301,1
8371,20210302,1
8371,20210303,1
8371,20210304,1
8371,20210305,1
8371,20210306,1
8371,20201213,1
8371,20201214,1
8371,20201215,1
8371,20201216,1
8371,20201217,1
8371,20201219,1
8371,20201220,1
8371,20210111,1
8371,20210112,1
8371,20210113,1
8371,20210114,1
8371,20210116,1
8371,20210117,1
8371,20210118,1
8371,20210119,1
8371,20210120,1
8371,20210121,1
8371,20210123,1
8371,20210124,1
8371,20210125,1
8371,20210126,1
8371,20210127,1
8371,20210128,1
8371,20210130,1
8371,20210131,1
8371,20210215,1
8371,20210216,1
8371,20210217,1
8371,20210218,2
8371,20210220,2
8371,20210221,2
8372,20201213,1
8373,20201225,1
6057,20210115,1
6057,20201218,1
6057,20210129,1
8374,20210227,1
8374,20210306,1
8374,20210109,1
8375,20210122,2
8375,20210218,2
8375,20210219,2
8376,20210101,1
8376,20201220,1
8376,20201227,2
8376,20210124,2
8376,20210221,2
8377,20210124,1
8378,20201218,1
8378,20210122,1
8378,20210105,2
8378,20210106,2
8378,20210107,2
8379,20210116,1
2496,20201225,1
2496,20210101,1
1893,20201224,1
1893,20201231,1
1893,20201225,2
1893,20210101,2
8380,20201224,2
8380,20201231,2
2168,20201224,1
2168,20201231,1
2168,20201218,1
2168,20210305,1
8381,20201224,2
8381,20201231,2
4338,20201224,2
4338,20201231,2
3719,20201225,2
3719,20210101,2
5358,20201225,2
5358,20210101,2
8388,20201225,1
8388,20210101,1
8388,20210220,2
8388,20210227,2
8390,20210104,1
8390,20201218,1
8390,20201221,1
8390,20201222,1
8390,20201223,1
8390,20201224,1
8390,20201228,1
8390,20201229,1
8390,20201230,1
8390,20201231,1
8390,20210301,1
8390,20210302,1
8390,20210303,1
8390,20210304,1
8390,20210305,1
8391,20201208,1
5513,20210104,1
5513,20201217,1
5513,20201221,1
5513,20201222,1
5513,20201223,1
5513,20201227,1
5513,20201228,1
5513,20201229,1
5513,20201230,1
5513,20210103,1
5513,20201213,1
5513,20210301,1
5513,20210302,1
5513,20210303,1
5513,20210304,1
4427,20201218,1
4427,20201227,1
4427,20210103,1
4427,20201213,1
4427,20201225,2
4427,20210101,2
5880,20201224,2
5880,20201231,2
4466,20201224,1
4466,20201226,1
4466,20201231,1
4466,20210102,1
4466,20201219,1
5766,20201225,2
5766,20210101,2
8392,20201218,1
8395,20201220,1
8395,20201224,1
8395,20201227,1
8395,20201231,1
8395,20210103,1
8395,20201213,1
8395,20201225,2
8395,20210101,2
8396,20201212,1
8397,20201225,1
8397,20201226,1
8397,20210102,1
8397,20201219,1
8397,20210306,1
8401,20201225,2
8401,20210101,2
8402,20201218,1
8402,20201225,1
8402,20210101,1
8403,20201224,1
8403,20201231,1
8403,20201225,2
8403,20210101,2
5743,20201225,1
5743,20201226,1
5743,20210101,1
5743,20210102,1
5743,20201219,1
5743,20210306,1
5552,20201225,1
5552,20210101,1
5552,20201224,2
5552,20201231,2
8407,20201211,1
5462,20210104,1
5462,20210301,1
5462,20210302,1
5462,20210303,1
5462,20210304,1
5462,20201213,1
5462,20201214,1
5462,20201215,1
5462,20201216,1
5462,20201217,1
5462,20201218,1
5462,20201219,1
5462,20201220,1
5462,20201221,1
5462,20201222,1
5462,20201223,1
5462,20201224,1
5462,20201225,1
5462,20201226,1
5462,20201227,1
5462,20201228,1
5462,20201229,1
5462,20201230,1
5462,20201231,1
5462,20210101,1
5462,20210102,1
5462,20210103,1
5462,20210124,2
1171,20201224,1
1171,20201231,1
1171,20201225,2
1171,20210101,2
3475,20201225,2
3475,20210101,2
8409,20210306,1
8410,20201224,2
8410,20201231,2
8411,20210221,1
8415,20210213,2
8416,20201222,1
8416,20201223,1
8416,20201229,1
8416,20201230,1
8416,20201215,1
8416,20201216,1
8416,20201217,1
8416,20210302,1
8416,20210303,1
8416,20210304,1
8418,20201218,1
8421,20201214,1
8421,20201221,1
8421,20201228,1
8421,20210104,1
8421,20210301,1
8422,20210102,1
8425,20201224,2
8425,20201231,2
8427,20201225,1
8427,20210101,1
8427,20210221,2
8428,20201225,2
8428,20210101,2
8431,20201224,1
8431,20201231,1
8432,20210213,1
8435,20210102,2
8436,20201218,1
8437,20201217,1
6580,20210104,1
6580,20201217,1
6580,20201221,1
6580,20201222,1
6580,20201223,1
6580,20201225,1
6580,20201228,1
6580,20201229,1
6580,20201230,1
6580,20210101,1
6580,20210301,1
6580,20210302,1
6580,20210303,1
6580,20210304,1
6580,20201218,2
8441,20201212,1
2130,20210213,1
2130,20210206,1
2130,20210306,1
8443,20210213,1
8443,20210206,1
8443,20210306,1
2131,20210222,2
8444,20201210,1
1327,20201224,2
8446,20201225,2
8446,20210101,2
2623,20201224,2
2623,20201225,2
2623,20201231,2
2623,20210101,2
1734,20201213,1
1734,20201219,1
1734,20201220,1
1734,20201225,1
1734,20201226,1
1734,20201227,1
1734,20210101,1
1734,20210102,1
1734,20210103,1
1734,20201218,2
5778,20201213,1
5778,20201218,1
5778,20201220,1
5778,20201224,1
5778,20201227,1
5778,20201231,1
5778,20210103,1
5778,20210124,2
2619,20201219,1
2619,20201225,1
2619,20201226,1
2619,20210101,1
2619,20210102,1
3146,20201224,1
3146,20201231,1
896,20201225,1
896,20210101,1
8451,20201224,2
8451,20201225,2
8451,20201231,2
8451,20210101,2
4417,20210104,1
4417,20201214,1
4417,20201215,1
4417,20201216,1
4417,20201217,1
4417,20201218,1
4417,20201219,1
4417,20201221,1
4417,20201222,1
4417,20201223,1
4417,20201224,1
4417,20201225,1
4417,20201226,1
4417,20201228,1
4417,20201229,1
4417,20201230,1
4417,20201231,1
4417,20210101,1
4417,20210102,1
4417,20210301,1
4417,20210302,1
4417,20210303,1
4417,20210304,1
4417,20210305,1
4417,20210306,1
8452,20201212,1
8455,20201212,1
8456,20201211,1
8457,20201210,1
8458,20201207,1
8463,20210213,1
8463,20210206,1
8463,20210306,1
8465,20210102,2
8465,20210219,2
8465,20210226,2
8466,20210102,1
8467,20201213,1
8467,20201220,1
8467,20201227,1
8467,20210103,1
2379,20210206,1
2379,20210213,1
2379,20210306,1
8472,20210102,2
8473,20201225,1
8473,20210101,1
8473,20201227,2
8473,20210102,2
8473,20210103,2
8474,20201219,1
8474,20210102,1
8474,20210306,1
8474,20201225,2
8474,20210101,2
8474,20210103,2
8474,20210124,2
5587,20210104,1
5587,20201218,1
5587,20201221,1
5587,20201222,1
5587,20201223,1
5587,20201224,1
5587,20201228,1
5587,20201229,1
5587,20201230,1
5587,20201231,1
5587,20210301,1
5587,20210302,1
5587,20210303,1
5587,20210304,1
5587,20210305,1
8475,20201226,1
8475,20201227,2
8477,20210102,1
2662,20201225,1
2662,20210101,1
8478,20201212,1
8479,20201225,2
8479,20210101,2
2545,20210104,1
2545,20201218,1
2545,20201221,1
2545,20201222,1
2545,20201223,1
2545,20201224,1
2545,20201227,1
2545,20201228,1
2545,20201229,1
2545,20201230,1
2545,20201231,1
2545,20210103,1
2545,20201213,1
2545,20210301,1
2545,20210302,1
2545,20210303,1
2545,20210304,1
2545,20210305,1
8480,20210214,1
8480,20210221,1
8480,20201225,2
8480,20210101,2
8481,20201207,1
8483,20201225,1
8483,20210101,1
8483,20210220,2
8483,20210227,2
8484,20201212,1
4269,20210103,2
4269,20210221,2
3670,20201218,1
3670,20201224,1
3670,20201231,1
3670,20210305,1
5612,20201224,1
5612,20201231,1
5612,20201225,2
5612,20210101,2
7721,20201218,1
7721,20210305,1
8486,20201207,1
5627,20210104,1
5627,20201218,1
5627,20201221,1
5627,20201222,1
5627,20201223,1
5627,20201224,1
5627,20201228,1
5627,20201229,1
5627,20201230,1
5627,20201231,1
5627,20210301,1
5627,20210302,1
5627,20210303,1
5627,20210304,1
5868,20201224,1
5868,20201226,1
5868,20201231,1
5868,20210102,1
5868,20210306,1
5868,20201217,2
8488,20210220,1
8488,20210227,1
8491,20201224,2
8491,20201231,2
8495,20201218,1
8495,20201224,1
8495,20201231,1
987,20201225,2
987,20210101,2
5900,20210104,1
5900,20210301,1
5900,20210302,1
5900,20210303,1
5900,20210304,1
5900,20210305,1
5900,20210306,1
8498,20210214,2
8498,20210221,2
1343,20201224,1
1343,20201231,1
1343,20201218,1
1343,20210305,1
8499,20201226,2
8499,20201227,2
8499,20201228,2
8499,20210102,2
8499,20210103,2
8500,20201214,1
8500,20201215,1
8500,20201216,1
8500,20201217,1
8500,20210104,1
8500,20201221,1
8500,20201222,1
8500,20201223,1
8500,20201224,1
8500,20201229,1
8500,20201230,1
8500,20201231,1
8500,20210301,1
8500,20210302,1
8500,20210303,1
8500,20210304,1
8500,20201225,2
8500,20210101,2
8501,20201227,2
8501,20210103,2
8502,20201226,2
8502,20210102,2
8503,20210103,2
8504,20201227,2
8504,20210103,2
8505,20201226,2
8505,20210102,2
8507,20201219,1
8507,20201226,1
8507,20210306,1
8507,20201225,2
8507,20201227,2
8507,20210124,2
8507,20210101,2
8507,20210103,2
8512,20201212,1
8513,20210103,1
8515,20210103,1
8516,20201225,1
8516,20210101,1
8516,20201219,1
8516,20210306,1
8519,20201228,1
8522,20201218,1
8523,20201224,2
8523,20201231,2
8524,20201210,1
8525,20210104,1
8525,20210301,1
8525,20210302,1
8525,20210303,1
8525,20210304,1
8525,20201214,1
8525,20201215,1
8525,20201216,1
8525,20201217,1
8525,20201218,1
8525,20201219,1
8525,20201221,1
8525,20201222,1
8525,20201223,1
8525,20201224,1
8525,20201225,1
8525,20201226,1
8525,20201228,1
8525,20201229,1
8525,20201230,1
8525,20201231,1
8525,20210101,1
8525,20210102,1
8525,20210213,2
8527,20210221,1
8529,20201218,2
8534,20210213,1
8536,20201224,2
8540,20201224,1
8540,20201227,1
8540,20201231,1
8540,20210103,1
8540,20201213,1
8540,20201217,2
8541,20201218,1
8541,20201224,1
8541,20201231,1
3691,20201218,1
3691,20201217,2
8543,20210104,1
8543,20210301,1
8543,20210302,1
8543,20210303,1
8543,20210304,1
8543,20210228,1
8543,20201217,1
8543,20201213,1
8543,20201214,1
8543,20201215,1
8543,20201216,1
8543,20201220,1
8543,20201221,1
8543,20201222,1
8543,20201223,1
8543,20201227,1
8543,20201228,1
8543,20201229,1
8543,20201230,1
8543,20210103,1
3469,20201225,1
3469,20210101,1
3469,20210123,2
8545,20201225,2
8548,20201212,1
8552,20210213,1
8552,20210214,1
8552,20210206,1
8552,20210207,1
8552,20210306,1
3925,20201225,2
3925,20210101,2
8555,20201218,1
8555,20201214,1
8555,20201215,1
8555,20201216,1
8555,20201217,1
8555,20201221,1
8555,20201222,1
8555,20201223,1
8555,20201224,1
8555,20201228,1
8555,20201229,1
8555,20201230,1
8555,20201231,1
29,20201211,1
8559,20201218,2
4508,20201218,1
3094,20210214,1
3094,20210207,1
3098,20201218,1
3098,20201217,2
8560,20210220,2
8560,20210227,2
8561,20201211,1
5041,20210220,2
5041,20210227,2
8562,20201225,1
8562,20210101,1
8562,20201219,1
8562,20210306,1
8562,20210104,2
8562,20201221,2
8562,20201222,2
8562,20201223,2
8562,20201224,2
8562,20201228,2
8562,20201229,2
8562,20201230,2
8562,20201231,2
8562,20210301,2
8562,20210302,2
8562,20210303,2
8562,20210304,2
8563,20201214,1
8563,20201215,1
8563,20201216,1
8563,20201217,1
8563,20210104,1
8563,20201221,1
8563,20201222,1
8563,20201223,1
8563,20201224,1
8563,20201229,1
8563,20201230,1
8563,20201231,1
8563,20210301,1
8563,20210302,1
8563,20210303,1
8563,20210304,1
8563,20201225,2
8563,20210101,2
8564,20201226,2
8564,20201228,2
8564,20210102,2
8564,20210103,2
8565,20201228,2
8565,20210102,2
8566,20201225,1
8566,20210101,1
8566,20201226,2
8566,20210102,2
8567,20201225,2
8567,20201228,2
8567,20210101,2
91,20201211,1
8569,20201228,1
8571,20210103,1
8572,20201227,2
8574,20201228,1
1609,20201220,2
1609,20201227,2
1609,20210103,2
8576,20201226,2
8576,20210102,2
8578,20201208,1
8580,20201224,2
8580,20201231,2
8581,20201212,1
4916,20201224,1
4916,20201225,2
4916,20210101,2
1961,20201224,2
1961,20201231,2
8582,20201224,1
8582,20201231,1
8582,20201225,2
8582,20210101,2
4739,20201224,1
4739,20201231,1
8589,20201218,1
8589,20201214,1
8589,20201215,1
8589,20201216,1
8589,20201217,1
8589,20201221,1
8589,20201222,1
8589,20201223,1
8589,20201224,1
8589,20201228,1
8589,20201229,1
8589,20201230,1
8589,20201231,1
1846,20201218,2
8591,20201212,1
8592,20201211,1
8595,20201211,1
6189,20201213,1
6189,20201218,1
6189,20201219,1
6189,20201220,1
6189,20201224,1
6189,20201225,1
6189,20201226,1
6189,20201227,1
6189,20201231,1
6189,20210101,1
6189,20210102,1
6189,20210103,1
6181,20201214,1
6181,20201215,1
6181,20201216,1
6181,20201217,1
6181,20201218,1
7678,20201214,1
2227,20201213,1
2227,20201214,1
2227,20201215,1
2227,20201216,1
2227,20201217,1
2227,20201218,1
2227,20201220,1
2227,20201225,1
2227,20201227,1
2227,20210101,1
2227,20210103,1
6237,20201227,1
6237,20201220,1
6208,20201213,1
6208,20201214,1
6208,20201215,1
6208,20201216,1
6208,20201217,1
6208,20201218,1
6208,20201220,1
6208,20201221,1
6208,20201222,1
6208,20201223,1
6208,20201224,1
6208,20201227,1
6208,20201228,1
6208,20201229,1
6208,20201230,1
6208,20201231,1
6208,20210103,1
1995,20201214,1
1995,20201215,1
1995,20201216,1
1995,20201217,1
1995,20201218,1
1995,20201219,1
1995,20201221,1
1995,20201222,1
1995,20201223,1
1995,20201224,1
1995,20201226,1
1995,20201228,1
1995,20201229,1
1995,20201230,1
1995,20201231,1
1995,20210102,1
2970,20201213,1
4975,20201214,1
4975,20201215,1
4975,20201216,1
4975,20210108,1
4975,20210109,1
4975,20210110,1
4975,20210115,1
4975,20210116,1
4975,20210117,1
6175,20201228,1
6175,20201221,1
6175,20201227,2
6175,20201220,2
6206,20201213,1
6206,20201214,1
6206,20201215,1
6206,20201216,1
6206,20201217,1
6206,20201218,1
6206,20201219,1
6206,20201220,1
6206,20201221,1
6206,20201222,1
6206,20201223,1
6206,20201224,1
6206,20201225,1
6206,20201227,1
6206,20201228,1
6206,20201229,1
6206,20201230,1
6206,20201231,1
6206,20210101,1
6206,20210103,1
6696,20210305,1
6176,20201213,1
6176,20201218,1
6176,20210101,2
6176,20201220,2
6806,20201214,1
6806,20201215,1
6806,20201216,1
6806,20201217,1
6806,20201218,1
6806,20210104,1
6806,20210111,1
6216,20210101,1
6216,20201225,1
6216,20201213,1
6216,20201227,2
6204,20201221,2
6204,20201224,2
6204,20201225,2
6204,20210110,2
6204,20201228,2
6204,20201231,2
6204,20210101,2
6204,20210103,2
6186,20201213,1
6233,20201214,1
6233,20201215,1
6233,20201216,1
6233,20201217,1
6233,20201218,1
6233,20201219,1
6233,20201222,1
6233,20201223,1
6233,20201224,1
6233,20201226,1
6233,20201229,1
6233,20201230,1
6233,20201231,1
6233,20210102,1
8596,20201221,2
8596,20201222,2
8596,20201223,2
8596,20201224,2
8596,20201225,2
8596,20201228,2
8596,20201229,2
8596,20201230,2
8596,20201231,2
8596,20210101,2
4141,20210125,2
4141,20210126,2
4141,20201225,2
4141,20210101,2
8597,20201215,1
8597,20201216,1
8597,20201217,1
8597,20201218,1
8597,20201221,2
8597,20201228,2
6210,20201225,2
6210,20210101,2
3642,20201221,2
3642,20201222,2
3642,20201223,2
3642,20201224,2
3642,20201225,2
3642,20201228,2
3642,20201229,2
3642,20201230,2
3642,20201231,2
3642,20210101,2
3613,20210305,1
3613,20210306,1
3613,20201218,1
3613,20201219,1
3613,20201224,1
3613,20201226,1
3613,20201231,1
3613,20210102,1
5027,20201225,1
5027,20210101,1
5027,20201221,2
5027,20201228,2
6226,20201221,1
6226,20201228,1
6226,20201224,2
6226,20201231,2
2136,20201220,2
2136,20201227,2
4153,20201220,2
4153,20201227,2
4360,20201221,2
4360,20201228,2
325,20201225,1
325,20210101,1
3347,20201222,2
3347,20201223,2
3347,20201224,2
3347,20201229,2
3347,20201230,2
3347,20201231,2
6371,20201221,2
6371,20201222,2
6371,20201224,2
6371,20201228,2
6371,20201229,2
6371,20201231,2
4637,20201214,1
4637,20201215,1
4637,20201216,1
4637,20201217,1
4637,20201221,1
4637,20201222,1
4637,20201223,1
4637,20201224,1
4637,20201228,1
4637,20201229,1
4637,20201230,1
4637,20201231,1
4262,20210108,1
4262,20201218,1
4262,20210115,1
4262,20210107,2
4262,20210114,2
8600,20201212,1
8601,20210213,1
8601,20210104,1
8601,20201214,1
8601,20201215,1
8601,20201216,1
8601,20201217,1
8601,20201219,1
8601,20201221,1
8601,20201222,1
8601,20201223,1
8601,20201226,1
8601,20201228,1
8601,20201229,1
8601,20201230,1
8601,20210102,1
5032,20210214,1
5032,20210104,1
5032,20201213,1
5032,20201214,1
5032,20201215,1
5032,20201216,1
5032,20201217,1
5032,20201220,1
5032,20201221,1
5032,20201222,1
5032,20201223,1
5032,20201227,1
5032,20201228,1
5032,20201229,1
5032,20201230,1
5032,20210103,1
897,20201224,2
897,20201231,2
8603,20210227,1
3560,20201218,1
3560,20210212,1
3560,20210219,1
3560,20210226,1
373,20201224,2
373,20201231,2
5466,20201224,1
5466,20201231,1
5466,20201225,2
5466,20210101,2
6470,20210214,1
6470,20210221,1
6470,20210228,1
6472,20210212,1
6472,20201214,1
6472,20201217,1
6472,20201218,1
6472,20201221,1
6472,20201224,1
6472,20201228,1
6472,20201231,1
6472,20210104,1
6472,20210107,2
6203,20201213,1
6202,20201217,1
1999,20210215,1
1999,20210216,1
1999,20210217,1
1999,20210218,1
1999,20210219,1
1999,20210220,1
1999,20210221,1
1999,20210222,1
1999,20210223,1
1999,20210224,1
1999,20210225,1
1999,20210226,1
1999,20210227,1
1999,20210228,1
1999,20210305,1
1999,20210213,1
1999,20210104,1
1999,20210108,1
1999,20210110,1
1999,20210115,1
1999,20210117,1
1999,20210122,1
1999,20210124,1
1999,20210129,1
1999,20210131,1
1999,20210205,1
1999,20210207,1
1999,20210212,1
1999,20210214,1
1999,20210301,2
1999,20210302,2
1999,20210303,2
1999,20210304,2
8604,20201224,1
8604,20201231,1
8604,20210227,2
8604,20210221,2
6474,20210212,2
6474,20210219,2
6474,20210226,2
6441,20201213,1
6441,20201218,1
6441,20201220,1
6441,20201224,1
6441,20201227,1
6441,20201231,1
6441,20210103,1
2132,20201224,1
2132,20201231,1
8606,20210227,1
5033,20210213,1
5033,20210220,1
5033,20210227,1
8607,20210227,1
4476,20210104,1
4476,20201214,1
4476,20201215,1
4476,20201216,1
4476,20201217,1
4476,20201218,1
4476,20201221,1
4476,20201222,1
4476,20201223,1
4476,20201224,1
4476,20201228,1
4476,20201229,1
4476,20201230,1
4476,20201231,1
8608,20210215,1
8608,20210216,1
8608,20210217,1
8608,20210218,1
8608,20210219,1
8608,20210220,1
8608,20210222,1
8608,20210223,1
8608,20210224,1
8608,20210225,1
8608,20210226,1
8608,20210213,1
8608,20210104,1
4103,20210214,1
4103,20210221,1
4103,20210228,1
908,20201225,2
908,20210101,2
6432,20201225,2
6432,20210101,2
6350,20201207,1
6348,20210212,1
6348,20201214,1
6348,20201217,1
6348,20201218,1
6348,20201221,1
6348,20201224,1
6348,20201228,1
6348,20201231,1
6348,20210104,1
6348,20210107,2
4675,20210214,1
4675,20201213,1
4675,20201216,1
4675,20201217,1
4675,20201218,1
4675,20201220,1
4675,20201223,1
4675,20201224,1
4675,20201227,1
4675,20201230,1
4675,20201231,1
4675,20210103,1
4366,20201224,1
4366,20201231,1
4366,20210216,1
4366,20210219,1
4366,20210223,1
4366,20210226,1
4366,20210305,1
4366,20210108,1
4366,20210115,1
4366,20210122,1
4366,20210129,1
4366,20210205,1
4366,20210212,1
4366,20201225,2
4366,20210101,2
4366,20210302,2
4475,20210213,1
4475,20210220,1
4475,20210227,1
4888,20201207,1
8609,20201211,1
8610,20201210,1
6356,20201213,1
6356,20201216,1
6356,20201217,1
6356,20201218,1
6356,20201220,1
6356,20201223,1
6356,20201224,1
6356,20201225,1
6356,20201227,1
6356,20201230,1
6356,20201231,1
6356,20210101,1
6356,20210103,1
6356,20210106,1
6356,20210107,1
6356,20210108,1
6356,20210113,1
6356,20210114,1
6356,20210115,1
6356,20210120,1
6356,20210121,1
6356,20210122,1
6356,20210127,1
6356,20210128,1
6356,20210129,1
6356,20210203,1
6356,20210204,1
6356,20210205,1
8611,20210226,1
8611,20210228,1
8611,20210305,1
8611,20201213,1
8611,20201218,1
8611,20201219,1
8611,20201220,1
8611,20201225,1
8611,20201226,1
8611,20201227,1
8611,20210101,1
8611,20210102,1
8611,20210103,1
8611,20210212,1
8611,20210213,1
8611,20210214,1
8611,20210219,1
8611,20210220,1
8611,20210221,2
8612,20201211,1
6611,20201224,1
6611,20201231,1
6611,20201225,2
6611,20210101,2
6415,20210214,1
6415,20210221,1
6415,20210228,1
8613,20210227,1
4885,20210212,1
4885,20201214,1
4885,20201217,1
4885,20201218,1
4885,20201221,1
4885,20201224,1
4885,20201228,1
4885,20201231,1
4885,20210104,1
4885,20210107,2
4890,20201213,1
4890,20201215,1
4890,20201216,1
4890,20201220,1
4890,20201222,1
4890,20201223,1
4890,20201227,1
4890,20201229,1
4890,20201230,1
4890,20210103,1
4890,20210216,1
4890,20210217,1
4890,20210221,1
4890,20210223,1
4890,20210224,1
4890,20210228,1
8614,20210227,1
8615,20210130,2
8615,20210131,2
8615,20210206,2
8615,20210207,2
8615,20210220,2
8615,20210221,2
8615,20210227,2
8615,20210228,2
8616,20210228,1
8617,20210206,1
8617,20210207,1
8617,20210130,1
8617,20210131,1
8617,20210306,1
8618,20210228,1
8619,20210213,1
8619,20210214,1
8619,20210125,1
8619,20210126,1
8619,20210127,1
8619,20210128,1
8619,20210129,1
8619,20210201,1
8619,20210202,1
8619,20210203,1
8619,20210204,1
8619,20210205,1
8619,20210222,1
8619,20210223,1
8619,20210224,1
8619,20210225,1
8619,20210226,1
8619,20210301,1
8619,20210302,1
8619,20210303,1
8619,20210304,1
8619,20210305,1
8619,20210208,2
8619,20210209,2
8619,20210210,2
8619,20210211,2
8619,20210212,2
4837,20210206,1
4837,20210207,1
4837,20210227,1
4837,20210130,1
4837,20210131,1
4837,20210306,1
2212,20201218,1
2212,20201219,1
8620,20201219,1
8620,20201226,1
8620,20210102,1
8620,20210221,2
6068,20210205,1
6075,20210104,1
6075,20210108,1
6075,20210111,1
6075,20210118,1
6075,20210125,1
6075,20210201,1
6075,20201218,1
6075,20201214,1
6075,20201215,1
6075,20201216,1
6075,20201217,1
6075,20201221,1
6075,20201222,1
6075,20201223,1
6075,20201224,1
6075,20201228,1
6075,20201229,1
6075,20201230,1
6075,20201231,1
8621,20210101,1
8621,20201225,1
8621,20210109,1
8621,20210213,1
8622,20210228,1
8623,20210201,1
8623,20210202,1
8623,20210203,1
8623,20210204,1
8623,20210205,1
8623,20210206,1
8623,20210208,1
8623,20210209,1
8623,20210210,1
8623,20210211,1
8623,20210212,1
8623,20210215,1
8623,20210216,1
8623,20210217,1
8623,20210218,1
8623,20210219,1
8624,20210101,2
8624,20201225,2
8624,20201226,2
8625,20201225,1
8625,20201226,1
8625,20210101,1
3835,20210102,2
3835,20201218,2
3835,20201219,2
8626,20201218,1
8626,20201219,1
8626,20210102,1
8629,20210208,1
8629,20210209,1
8629,20210210,1
8629,20210211,1
8629,20210212,1
8629,20210213,1
8629,20210214,1
8629,20210116,1
8629,20210117,1
8629,20210123,1
8629,20210124,1
8629,20210215,1
8629,20210216,1
8629,20210217,1
8629,20210218,1
8629,20210219,1
8629,20210222,1
8629,20210223,1
8629,20210224,1
8629,20210225,1
8629,20210226,1
8629,20210301,1
8629,20210302,1
8629,20210303,1
8629,20210304,1
8629,20210305,1
8630,20210228,1
8631,20210227,1
7274,20210206,1
7274,20210207,1
7274,20210130,1
7274,20210131,1
7274,20210306,1
7280,20201212,1
7276,20210201,1
7276,20210202,1
7276,20210203,1
7276,20210205,1
8633,20201226,1
8633,20210214,1
8633,20210125,1
8633,20210126,1
8633,20210127,1
8633,20210128,1
8633,20210129,1
8633,20210201,1
8633,20210202,1
8633,20210203,1
8633,20210204,1
8633,20210205,1
8633,20210222,1
8633,20210223,1
8633,20210224,1
8633,20210225,1
8633,20210226,1
8633,20210301,1
8633,20210302,1
8633,20210303,1
8633,20210304,1
8633,20210305,1
8633,20210208,2
8633,20210209,2
8633,20210210,2
8633,20210211,2
8633,20210212,2
5373,20210130,1
5373,20210206,1
8635,20210228,1
8636,20201219,1
8636,20210213,1
8637,20210101,1
8637,20201225,1
8637,20210102,2
8637,20210220,2
8637,20201226,2
8638,20201218,1
8638,20201222,1
8638,20201223,1
8638,20201224,1
8638,20201226,1
8638,20201229,1
8638,20201230,1
8638,20201231,1
8638,20210102,1
8638,20210221,2
8638,20201225,2
8638,20210101,2
5302,20201227,2
5302,20201220,2
8639,20201225,2
8639,20210101,2
8640,20201220,1
8640,20201225,1
8640,20201227,1
8640,20210101,1
8640,20210103,1
8642,20210228,1
8643,20210206,1
8643,20210213,1
6087,20201217,1
6087,20201218,1
8647,20201210,1
4131,20201218,1
5206,20201226,2
5206,20210102,2
5206,20210220,2
1058,20210220,1
4861,20210228,1
8649,20201212,1
8650,20201211,1
1482,20201225,1
1482,20210101,1
1482,20210220,2
1488,20201214,1
1488,20201218,1
6250,20210213,1
6250,20210306,1
8653,20201212,1
8654,20201212,1
5057,20210209,2
5057,20210210,2
5057,20210211,2
5057,20210212,2
8655,20210228,2
8658,20210228,1
8660,20210118,1
8660,20210125,1
8660,20210201,1
8662,20201211,1
6325,20201218,2
5800,20201218,1
8665,20201225,1
8665,20210101,1
8666,20210213,1
8666,20210306,1
8667,20210221,1
8667,20210228,1
8667,20201213,1
8671,20201219,1
8673,20201209,1
8674,20210214,1
8675,20201212,1
8676,20201225,2
8676,20210101,2
8677,20201218,1
1050,20210221,1
8684,20201211,1
4970,20201221,2
4970,20201222,2
4970,20201223,2
4970,20201224,2
4970,20201228,2
4970,20201229,2
4970,20201230,2
4970,20201231,2
8689,20210216,1
8689,20210217,1
8689,20210218,1
8689,20210219,1
8689,20210220,1
8689,20210223,1
8689,20210224,1
8689,20210225,1
8689,20210226,1
8689,20210227,1
8689,20210302,1
8689,20210303,1
8689,20210304,1
8689,20210305,1
8689,20210306,1
2172,20210306,1
6222,20201225,1
6222,20210101,1
6222,20201224,2
6222,20201231,2
8690,20201212,1
1463,20201225,1
1463,20210101,1
8691,20201212,1
1860,20201225,2
1860,20210101,2
1855,20201225,1
1855,20210101,1
2711,20201225,1
2711,20210101,1
8693,20201207,1
6265,20201225,2
6265,20210101,2
8694,20201211,1
6330,20201225,2
6330,20210101,2
6329,20210212,1
6289,20201225,2
6289,20210101,2
4633,20201221,1
4633,20201228,1
4633,20201225,2
4633,20210101,2
8696,20201212,1
4629,20201222,1
4629,20201223,1
4629,20201229,1
4629,20201230,1
4629,20201224,2
4629,20201231,2
8698,20210118,1
8698,20210125,1
8698,20210201,1
4908,20201213,1
8700,20201207,1
6136,20210306,1
8702,20201219,1
8703,20201219,1
8705,20201211,1
8706,20201218,1
8707,20201221,1
8707,20201222,1
8707,20201223,1
8707,20201224,1
8707,20201228,1
8707,20201229,1
8707,20201230,1
8707,20201231,1
8707,20201218,2
8707,20201225,2
8707,20210101,2
6253,20201214,1
6253,20201219,1
6253,20210104,1
6253,20210109,1
6253,20210111,1
6253,20210116,1
8709,20201211,1
8712,20201230,2
8712,20201223,2
8712,20201224,2
8712,20201215,2
8712,20201216,2
8712,20201217,2
8714,20201213,1
8715,20201213,1
8715,20201222,2
8715,20201229,2
6311,20210130,2
4710,20210227,1
4710,20210306,1
4710,20210123,1
8721,20210123,1
8721,20210130,1
8721,20210206,1
2406,20201214,1
2406,20201215,1
2406,20201216,1
2406,20201217,1
2406,20201218,1
2406,20201221,1
2406,20201222,1
2406,20201223,1
2406,20201224,1
2406,20201228,1
2406,20201229,1
2406,20201230,1
2406,20201231,1
8724,20201212,1
132,20201212,1
8726,20201219,1
4150,20201214,2
4150,20201215,2
4150,20201216,2
4150,20201217,2
4150,20201218,2
1426,20210221,2
1646,20210222,1
1646,20210223,1
1646,20210224,1
1646,20210225,1
1646,20210226,1
1646,20210301,1
1646,20210302,1
1646,20210303,1
1646,20210304,1
1646,20210305,1
1646,20210218,2
1646,20201225,2
1646,20210101,2
4208,20201224,1
4208,20201231,1
4208,20201218,1
4208,20210108,1
4208,20210115,1
4208,20210122,1
4208,20210129,1
4208,20210205,1
4208,20210212,1
4208,20210226,1
4208,20210305,1
4208,20210218,2
4208,20201225,2
4208,20210101,2
4223,20201224,1
4223,20201231,1
4223,20201213,1
4223,20201218,1
4223,20201220,1
4223,20201227,1
4223,20210103,1
4223,20210108,1
4223,20210110,1
4223,20210115,1
4223,20210117,1
4223,20210122,1
4223,20210124,1
4223,20210129,1
4223,20210131,1
4223,20210205,1
4223,20210207,1
4223,20210212,1
4223,20210214,1
4223,20210226,1
4223,20210228,1
4223,20210305,1
4223,20210218,2
4223,20210221,2
4223,20201225,2
4223,20210101,2
5007,20201225,1
5007,20210101,1
5007,20210222,1
5007,20210223,1
5007,20210224,1
5007,20210225,1
5007,20210227,1
5007,20210301,1
5007,20210302,1
5007,20210303,1
5007,20210304,1
5007,20210306,1
5007,20210219,2
5007,20210220,2
5007,20201224,2
5007,20201231,2
8729,20210222,1
8729,20210223,1
8729,20210224,1
8729,20210225,1
8729,20210226,1
8729,20210301,1
8729,20210302,1
8729,20210303,1
8729,20210304,1
8729,20210305,1
8729,20210218,2
8729,20201218,2
8729,20201225,2
8729,20210101,2
8730,20201211,1
5989,20201224,1
5989,20201231,1
5989,20210219,2
5989,20210220,2
6035,20210222,1
6035,20210223,1
6035,20210224,1
6035,20210225,1
6035,20210228,1
6035,20210301,1
6035,20210302,1
6035,20210303,1
6035,20210304,1
6035,20210221,2
6035,20201224,2
6035,20201231,2
5983,20210218,2
5983,20210219,2
5983,20210220,2
8731,20201218,1
8731,20210221,2
8733,20210222,2
8733,20210223,2
8733,20210224,2
8733,20210225,2
8733,20210226,2
8733,20210215,2
8733,20210216,2
8733,20210217,2
8733,20210218,2
8733,20210219,2
8733,20210220,2
6038,20201225,1
6038,20210101,1
6038,20210222,1
6038,20210223,1
6038,20210224,1
6038,20210225,1
6038,20210227,1
6038,20210228,1
6038,20210301,1
6038,20210302,1
6038,20210303,1
6038,20210304,1
6038,20210306,1
6038,20210219,2
6038,20210220,2
6038,20210221,2
6038,20201224,2
6038,20201231,2
8735,20201212,1
5941,20201218,1
5941,20201224,1
5941,20201231,1
5941,20210221,2
6133,20210125,1
6133,20210126,1
6133,20210127,1
6133,20210128,1
6133,20210129,1
6133,20210208,1
6133,20210209,1
6133,20210210,1
6133,20210211,1
6133,20210212,1
6133,20210215,1
6133,20210216,1
6133,20210217,1
6133,20201214,1
6133,20201215,1
6133,20201216,1
6133,20201217,1
6133,20201218,1
6133,20201219,1
6133,20210118,1
6133,20210119,1
6133,20210120,1
6133,20210121,1
6133,20210122,1
6133,20210123,1
6133,20210201,1
6133,20210202,1
6133,20210203,1
6133,20210204,1
6133,20210205,1
6133,20210206,1
6133,20210222,1
6133,20210223,1
6133,20210224,1
6133,20210225,1
6133,20210226,1
6133,20210227,1
6133,20210301,1
6133,20210302,1
6133,20210303,1
6133,20210304,1
6133,20210305,1
6133,20210306,1
6133,20210218,2
6133,20210219,2
3181,20210124,2
3181,20210221,2
8736,20201218,1
2425,20210221,2
8738,20201211,1
4783,20201225,1
4783,20210101,1
4783,20210220,2
8739,20210222,1
8739,20210223,1
8739,20210224,1
8739,20210225,1
8739,20210226,1
8739,20210301,1
8739,20210302,1
8739,20210303,1
8739,20210304,1
8739,20210305,1
8739,20210218,2
8739,20201218,2
8739,20201225,2
8739,20210101,2
5996,20210305,1
5996,20201224,1
5996,20201231,1
5996,20201218,1
5996,20210108,1
5996,20210115,1
5996,20210122,1
5996,20210129,1
5996,20210205,1
5996,20210212,1
5996,20210218,2
5996,20210225,2
5996,20210304,2
5996,20201225,2
5996,20210101,2
4214,20210305,1
4214,20201221,1
4214,20201222,1
4214,20201223,1
4214,20201224,1
4214,20201228,1
4214,20201229,1
4214,20201230,1
4214,20201231,1
4214,20201214,1
4214,20201215,1
4214,20201216,1
4214,20201217,1
4214,20201218,1
4214,20210104,1
4214,20210105,1
4214,20210106,1
4214,20210107,1
4214,20210108,1
4214,20210111,1
4214,20210112,1
4214,20210113,1
4214,20210114,1
4214,20210115,1
4214,20210118,1
4214,20210119,1
4214,20210120,1
4214,20210121,1
4214,20210122,1
4214,20210125,1
4214,20210126,1
4214,20210127,1
4214,20210128,1
4214,20210129,1
4214,20210201,1
4214,20210202,1
4214,20210203,1
4214,20210204,1
4214,20210205,1
4214,20210208,1
4214,20210209,1
4214,20210210,1
4214,20210211,1
4214,20210212,1
4214,20210215,2
4214,20210216,2
4214,20210217,2
4214,20210218,2
4214,20210222,2
4214,20210223,2
4214,20210224,2
4214,20210225,2
4214,20201225,2
4214,20210101,2
3715,20201225,1
3715,20210101,1
3715,20210123,2
3715,20210124,2
3715,20210220,2
3715,20210221,2
8741,20201212,1
8742,20201212,1
5962,20210218,2
5962,20210219,2
5962,20210220,2
5962,20210221,2
2470,20201219,1
2470,20201225,1
2470,20201226,1
2470,20210101,1
2470,20210102,1
2470,20210213,1
2472,20210130,1
2472,20210206,1
7576,20210222,1
7576,20210223,1
7576,20210224,1
7576,20210225,1
7576,20210226,1
7576,20210301,1
7576,20210302,1
7576,20210303,1
7576,20210304,1
7576,20210305,1
7576,20210208,2
7576,20210215,2
7576,20210218,2
7576,20201225,2
7576,20210101,2
1240,20210222,1
1240,20210223,1
1240,20210224,1
1240,20210225,1
1240,20210226,1
1240,20210301,1
1240,20210302,1
1240,20210303,1
1240,20210304,1
1240,20210305,1
1240,20210218,2
1240,20201225,2
1240,20210101,2
5966,20201218,1
3624,20210206,1
3624,20210207,1
3624,20210130,1
3624,20210131,1
3624,20210306,1
8743,20210214,1
8743,20210130,2
8743,20210131,2
8743,20210206,2
8743,20210207,2
3267,20201214,1
3267,20201215,1
3267,20201216,1
3267,20201217,1
3267,20201218,1
3267,20201221,1
3267,20201222,1
3267,20201223,1
3267,20201224,1
3267,20201228,1
3267,20201229,1
3267,20201230,1
3267,20201231,1
3267,20210104,1
3267,20210105,1
3267,20210106,1
3267,20210107,1
3267,20210108,1
3267,20210111,1
3267,20210112,1
3267,20210113,1
3267,20210114,1
3267,20210115,1
3267,20210118,1
3267,20210119,1
3267,20210120,1
3267,20210121,1
3267,20210122,1
3267,20210125,1
3267,20210126,1
3267,20210127,1
3267,20210128,1
3267,20210129,1
3267,20210201,1
3267,20210202,1
3267,20210203,1
3267,20210204,1
3267,20210205,1
3267,20210222,1
3267,20210223,1
3267,20210224,1
3267,20210225,1
3267,20210226,1
3267,20210301,1
3267,20210302,1
3267,20210303,1
3267,20210304,1
3267,20210305,1
3267,20210208,2
3267,20210209,2
3267,20210210,2
3267,20210211,2
3267,20210215,2
3267,20210216,2
3267,20210217,2
3267,20210218,2
3267,20201225,2
3267,20210101,2
8744,20201213,1
8744,20201219,1
8744,20201220,1
8744,20201225,1
8744,20201226,1
8744,20201227,1
8744,20210101,1
8744,20210102,1
8744,20210103,1
8744,20210214,1
8745,20210228,1
8748,20210228,1
8749,20210214,1
8749,20201213,1
8749,20201219,1
8749,20201220,1
8749,20201225,1
8749,20201226,1
8749,20201227,1
8749,20210101,1
8749,20210102,1
8749,20210103,1
8749,20201218,2
6761,20210206,1
6761,20210207,1
6761,20210227,1
6761,20210130,1
6761,20210131,1
6761,20210306,1
7665,20210219,2
8750,20210130,2
8750,20210131,2
8750,20210206,2
8750,20210207,2
8751,20210213,1
8751,20210214,1
8751,20201213,1
8751,20201218,1
8751,20201219,1
8751,20201220,1
8751,20201225,1
8751,20201226,1
8751,20201227,1
8751,20210101,1
8751,20210102,1
8751,20210103,1
8753,20210222,1
8753,20210223,1
8753,20210224,1
8753,20210225,1
8753,20210226,1
8753,20210301,1
8753,20210302,1
8753,20210303,1
8753,20210304,1
8753,20210305,1
8753,20210218,2
8753,20201218,2
8753,20201225,2
8753,20210101,2
5986,20201224,2
5986,20201231,2
5986,20210218,2
8755,20201218,1
8756,20201211,1
6016,20201224,1
6016,20201231,1
6016,20210220,2
6019,20210222,1
6019,20210223,1
6019,20210224,1
6019,20210225,1
6019,20210226,1
6019,20210301,1
6019,20210302,1
6019,20210303,1
6019,20210304,1
6019,20210305,1
6019,20210219,2
6019,20201224,2
6019,20201231,2
8757,20210206,1
8757,20210207,1
8757,20210227,1
8757,20210130,1
8757,20210306,1
8758,20201213,1
8758,20201219,1
8758,20201220,1
8758,20210213,1
8758,20210214,1
8758,20201225,1
8758,20201226,1
8758,20201227,1
8758,20210101,1
8758,20210102,1
8758,20210103,1
3393,20210206,1
3393,20210207,1
3393,20210227,1
3393,20210130,1
3393,20210131,1
3393,20210306,1
8759,20210131,2
8759,20210207,2
3655,20201208,1
8760,20210109,1
8760,20210110,1
8760,20210213,1
8760,20210214,1
8760,20201225,1
8760,20201226,1
8760,20201227,1
8760,20210101,1
8760,20210102,1
8760,20210103,1
8760,20210117,1
8760,20210124,1
8761,20201218,1
8761,20210104,1
8761,20210110,1
8761,20210117,1
8761,20210124,1
3654,20201219,1
3654,20201225,1
3654,20201226,1
3654,20210101,1
3654,20210102,1
3654,20210213,1
8762,20210222,1
8762,20210223,1
8762,20210224,1
8762,20210225,1
8762,20210226,1
8762,20210302,1
8762,20210303,1
8762,20210304,1
8762,20210305,1
8762,20210218,2
8762,20201225,2
8762,20210101,2
8762,20210301,2
5947,20210207,1
5947,20210227,1
5947,20210131,1
5947,20210306,1
8763,20201214,1
8763,20201215,1
8763,20201216,1
8763,20201217,1
8763,20201218,1
8763,20210104,1
8763,20210105,1
8763,20210106,1
8763,20210107,1
8763,20210108,1
8763,20201221,1
8763,20201222,1
8763,20201223,1
8763,20201224,1
8763,20201228,1
8763,20201229,1
8763,20201230,1
8763,20201231,1
8763,20210219,2
8763,20210301,2
5955,20201214,1
5955,20201215,1
5955,20201216,1
5955,20201217,1
5955,20201221,1
5955,20201222,1
5955,20201223,1
5955,20201228,1
5955,20201229,1
5955,20201230,1
5955,20210104,1
5955,20210105,1
5955,20210106,1
5955,20210107,1
5955,20210111,1
5955,20210112,1
5955,20210113,1
5955,20210114,1
5955,20210118,1
5955,20210119,1
5955,20210120,1
5955,20210121,1
5955,20210125,1
5955,20210126,1
5955,20210127,1
5955,20210128,1
5955,20210201,1
5955,20210202,1
5955,20210203,1
5955,20210204,1
5955,20210222,1
5955,20210223,1
5955,20210224,1
5955,20210225,1
5955,20210301,1
5955,20210302,1
5955,20210303,1
5955,20210304,1
5955,20210208,2
5955,20210209,2
5955,20210210,2
5955,20210215,2
5955,20210216,2
5955,20210217,2
5955,20201224,2
5955,20201231,2
5961,20201224,1
5961,20201231,1
5961,20201218,1
5961,20210108,1
5961,20210115,1
5961,20210122,1
5961,20210129,1
5961,20210205,1
5961,20210226,1
5961,20210305,1
5961,20210211,2
5961,20210218,2
5961,20201225,2
5961,20210101,2
8764,20210222,1
8764,20210223,1
8764,20210224,1
8764,20210225,1
8764,20210226,1
8764,20210301,1
8764,20210302,1
8764,20210303,1
8764,20210304,1
8764,20210305,1
8764,20210218,2
8764,20210219,2
8764,20210130,2
8764,20210131,2
8764,20210206,2
8764,20210207,2
8764,20210227,2
8764,20210228,2
5953,20210212,1
8765,20210214,1
8765,20201213,1
8765,20201219,1
8765,20201220,1
8765,20201225,1
8765,20201226,1
8765,20201227,1
8765,20210101,1
8765,20210102,1
8765,20210103,1
8765,20201218,2
8766,20210228,1
8767,20210228,1
8768,20210131,1
8769,20210228,1
8770,20210228,1
8771,20210301,1
8772,20210301,1
8772,20210218,2
8773,20210228,1
8774,20210228,1
8775,20210223,1
8775,20210224,1
8775,20210225,1
8775,20210226,1
8775,20210302,1
8775,20210303,1
8775,20210304,1
8775,20210305,1
8775,20210218,2
8775,20201225,2
8775,20210101,2
4067,20201225,1
4067,20210101,1
4067,20210220,2
8777,20201224,1
8777,20201231,1
8777,20201218,1
8777,20210108,1
8777,20210115,1
8777,20210122,1
8777,20210129,1
8777,20210205,1
8777,20210212,1
8777,20210226,1
8777,20210305,1
8777,20210218,2
8777,20201225,2
8777,20210101,2
4963,20210212,1
4963,20210226,1
5077,20201225,1
5077,20210101,1
5077,20210220,2
5077,20210221,2
4964,20201214,1
4964,20201215,1
4964,20201216,1
4964,20201217,1
4964,20201218,1
4964,20210305,1
4964,20201221,1
4964,20201222,1
4964,20201223,1
4964,20201224,1
4964,20201228,1
4964,20201229,1
4964,20201230,1
4964,20201231,1
4964,20210208,1
4964,20210209,1
4964,20210210,1
4964,20210211,1
4964,20210215,1
4964,20210216,1
4964,20210217,1
4964,20210222,1
4964,20210223,1
4964,20210224,1
4964,20210225,1
4964,20210301,1
4964,20210302,1
4964,20210303,1
4964,20210304,1
4964,20210218,2
4181,20201219,1
4181,20201226,1
4181,20210102,1
4181,20210218,2
4181,20210219,2
4181,20210221,2
8779,20210222,1
8779,20210223,1
8779,20210224,1
8779,20210225,1
8779,20210226,1
8779,20210228,1
8779,20210301,1
8779,20210302,1
8779,20210303,1
8779,20210304,1
8779,20210305,1
8779,20210218,2
8779,20210221,2
8779,20201225,2
8779,20210101,2
8780,20201213,1
5162,20210221,2
8781,20210223,1
8781,20210224,1
8781,20210225,1
8781,20210226,1
8781,20210302,1
8781,20210303,1
8781,20210304,1
8781,20210305,1
8781,20210218,2
8781,20201225,2
8781,20210101,2
8783,20210123,1
8785,20201207,1
8787,20210104,1
8787,20210226,1
8787,20210227,1
8787,20210305,1
8787,20210306,1
8787,20201214,1
8787,20201215,1
8787,20201216,1
8787,20201217,1
8787,20201218,1
8787,20201219,1
8787,20201221,1
8787,20201222,1
8787,20201223,1
8787,20201224,1
8787,20201225,1
8787,20201226,1
8787,20201228,1
8787,20201229,1
8787,20201230,1
8787,20201231,1
8787,20210101,1
8787,20210102,1
8787,20210123,2
6005,20210218,2
6005,20210219,2
6010,20201225,1
6010,20210101,1
6010,20210123,2
6010,20210220,2
6008,20210228,1
6008,20201213,1
6008,20201214,1
6008,20201215,1
6008,20201216,1
6008,20201217,1
6008,20201218,1
6008,20201220,1
6008,20210104,1
6008,20210105,1
6008,20210106,1
6008,20210107,1
6008,20210108,1
6008,20210110,1
6008,20201221,1
6008,20201222,1
6008,20201223,1
6008,20201224,1
6008,20201227,1
6008,20201228,1
6008,20201229,1
6008,20201230,1
6008,20201231,1
6008,20210103,1
4070,20201218,1
7841,20201224,1
7841,20201231,1
7841,20201218,1
7841,20210305,1
7839,20201217,1
7839,20201214,1
7839,20201215,1
7839,20201216,1
7839,20201221,1
7839,20201222,1
7839,20201223,1
7839,20201228,1
7839,20201229,1
7839,20201230,1
7839,20210215,1
7839,20210216,1
7839,20210217,1
7839,20210208,1
7839,20210209,1
7839,20210210,1
7839,20210211,1
7839,20210212,1
7839,20210214,1
7839,20210222,1
7839,20210223,1
7839,20210224,1
7839,20210225,1
7839,20210226,1
7839,20210228,1
7839,20210301,1
7839,20210302,1
7839,20210303,1
7839,20210304,1
3746,20210109,1
3746,20210116,1
3746,20210130,1
3746,20210206,1
3746,20201219,1
3746,20210306,1
3906,20210218,2
3906,20210219,2
5980,20210221,2
2894,20210213,1
2894,20210227,1
8788,20201212,1
5990,20210214,1
3903,20201225,1
3903,20210101,1
3907,20210213,1
8789,20201211,1
4740,20201224,1
4740,20201231,1
2506,20201224,1
2506,20201231,1
2501,20210201,1
2501,20201217,1
2501,20210107,1
2501,20201214,1
2501,20201215,1
2501,20201216,1
2501,20201221,1
2501,20201222,1
2501,20201223,1
2501,20201228,1
2501,20201229,1
2501,20201230,1
2501,20210104,1
2501,20210106,1
2501,20210105,2
8791,20201223,2
8791,20201217,2
8791,20201219,2
8791,20201228,2
8791,20201230,2
8791,20210102,2
8791,20210103,2
8792,20201217,1
8792,20201214,2
8792,20201216,2
8792,20201220,2
8792,20201221,2
8792,20201226,2
8792,20201227,2
6298,20210108,1
6298,20201218,1
6298,20210115,1
8794,20201212,1
8795,20210227,1
8796,20210222,1
8797,20210223,2
8797,20210224,2
8797,20210213,2
8797,20210214,2
8797,20210220,2
8797,20210221,2
8797,20210302,2
8797,20210303,2
8798,20210213,1
8799,20210302,1
8799,20210303,1
8801,20210222,2
8801,20210212,2
8801,20210213,2
8801,20210219,2
8801,20210220,2
8806,20210219,1
8807,20201224,1
8807,20201231,1
8807,20210220,2
8807,20210226,2
8807,20210227,2
8808,20210221,2
8808,20210228,2
8808,20201224,2
8808,20201231,2
8809,20210220,2
8809,20210227,2
8810,20210214,1
8811,20210226,1
5289,20210104,1
5289,20201214,1
5289,20201215,1
5289,20201216,1
5289,20201217,1
5289,20201218,1
5289,20210215,1
5289,20210216,1
5289,20210217,1
5289,20210218,1
5289,20210219,1
5289,20210222,1
5289,20210223,1
5289,20210224,1
5289,20210225,1
5289,20210226,1
5289,20210301,1
5289,20210305,1
5289,20201221,1
5289,20201222,1
5289,20201223,1
5289,20201224,1
5289,20201228,1
5289,20201229,1
5289,20201230,1
5289,20201231,1
5289,20210302,2
5289,20210303,2
5289,20210304,2
6572,20201213,1
6572,20201220,1
6572,20201227,1
6572,20210103,1
6367,20210216,2
6367,20210217,2
6340,20210104,1
6340,20201213,1
6340,20201214,1
6340,20201218,1
6340,20201219,1
6340,20201220,1
6340,20201221,1
6340,20201224,1
6340,20201225,1
6340,20201226,1
6340,20201227,1
6340,20201228,1
6340,20201231,1
6340,20210101,1
6340,20210102,1
6340,20210103,1
6340,20210208,2
6508,20210306,1
6508,20201219,1
6508,20201225,1
6508,20201226,1
6508,20210101,1
6508,20210102,1
5422,20201218,1
5422,20210212,1
5422,20210219,1
5422,20210226,1
5422,20201220,2
5423,20201227,2
5423,20210103,2
5423,20210117,2
5423,20210207,2
4209,20201225,2
4209,20210101,2
5420,20210207,1
5420,20210117,1
6389,20210212,1
6389,20210214,1
6389,20210104,1
6389,20201217,1
6389,20201214,1
6389,20201215,1
6389,20201216,1
6389,20201221,1
6389,20201222,1
6389,20201223,1
6389,20201228,1
6389,20201229,1
6389,20201230,1
4334,20210208,1
4334,20210301,1
4334,20210305,1
4334,20210306,1
4334,20210209,1
4334,20210210,1
4334,20210211,1
4334,20210216,1
4334,20210217,1
4334,20210218,1
4334,20210223,1
4334,20210224,1
4334,20210225,1
4334,20210302,1
4334,20210303,1
4334,20210304,1
5345,20201224,1
5345,20210212,1
5345,20210214,1
5345,20210219,1
5345,20210221,1
5345,20210226,1
5345,20210228,1
5345,20201225,2
5345,20210101,2
6397,20210104,1
6397,20201214,1
6397,20201215,1
6397,20201216,1
6397,20201217,1
6397,20201218,1
6397,20210215,1
6397,20210216,1
6397,20210217,1
6397,20210218,1
6397,20210219,1
6397,20210222,1
6397,20210223,1
6397,20210224,1
6397,20210225,1
6397,20210226,1
6397,20210301,1
4189,20201214,1
4189,20201218,1
4189,20210104,1
4189,20210108,1
4189,20210215,1
4189,20210219,1
4189,20210222,1
4189,20210226,1
4189,20210305,1
4189,20201221,1
4189,20201224,1
4189,20201228,1
4189,20201231,1
4189,20210301,2
5646,20210305,1
5646,20210306,1
5646,20210209,1
5646,20210210,1
5646,20210211,1
5646,20210216,1
5646,20210217,1
5646,20210218,1
5646,20210223,1
5646,20210224,1
5646,20210225,1
5646,20210302,1
5646,20210303,1
5646,20210304,1
5649,20201213,1
5649,20201215,1
5649,20201216,1
5649,20201217,1
5649,20201218,1
5649,20201219,1
5649,20201220,1
5649,20201222,1
5649,20201223,1
5649,20201224,1
5649,20201225,1
5649,20201226,1
5649,20201227,1
5649,20201231,1
5649,20210101,1
5649,20210102,1
5649,20210103,1
5649,20201229,2
5649,20201230,2
3124,20201224,1
3124,20201231,1
4824,20210306,1
4824,20201219,1
4824,20201225,1
4824,20201226,1
4824,20210101,1
4824,20210102,1
6384,20201214,1
6384,20201218,1
6384,20201219,1
6384,20201221,1
6384,20201225,1
6384,20201226,1
6384,20201228,1
6384,20210101,1
6384,20210102,1
6384,20210104,1
6384,20210108,1
6384,20210212,1
6384,20210213,1
6384,20210214,1
6384,20210215,1
6384,20210219,1
6384,20210220,1
6384,20210221,1
6384,20210222,1
6384,20210226,1
6384,20210227,1
6384,20210228,1
6384,20210305,1
6384,20210109,2
6384,20210208,2
6384,20210301,2
6383,20201222,1
6383,20201223,1
6383,20201224,1
6383,20201229,1
6383,20201230,1
6383,20201231,1
6383,20210216,1
6383,20210217,1
6383,20210218,1
6383,20201215,1
6383,20201216,1
6383,20201217,1
6383,20210223,1
6383,20210224,1
6383,20210225,1
4335,20210104,1
4335,20210212,1
4335,20210214,1
4335,20210215,1
4335,20210219,1
4335,20210221,1
4335,20210222,1
4335,20210226,1
4335,20210228,1
4335,20210208,2
6517,20210213,2
6517,20210220,2
6517,20210227,2
6475,20210305,1
6552,20201218,1
6552,20210212,1
6552,20210219,1
6552,20210226,1
3708,20210212,1
3708,20210104,1
3708,20201214,1
3708,20201215,1
3708,20201216,1
3708,20201217,1
3708,20201218,1
3708,20201221,1
3708,20201222,1
3708,20201223,1
3708,20201224,1
3708,20201228,1
3708,20201229,1
3708,20201230,1
3708,20201231,1
6586,20201207,1
6378,20210215,1
6378,20210222,1
6378,20210301,1
4589,20201224,2
4589,20201225,2
4589,20201228,2
4589,20201229,2
4589,20201230,2
4589,20201231,2
4589,20210101,2
2873,20201228,2
2873,20201218,2
3962,20210215,1
3962,20210222,1
3962,20210301,1
3103,20210104,1
3103,20201213,1
3103,20201214,1
3103,20201218,1
3103,20201219,1
3103,20201220,1
3103,20210212,1
3103,20210213,1
3103,20210214,1
3103,20210215,1
3103,20210219,1
3103,20210220,1
3103,20210221,1
3103,20210222,1
3103,20210226,1
3103,20210227,1
3103,20210228,1
3103,20210305,1
3103,20201221,1
3103,20201224,1
3103,20201225,1
3103,20201226,1
3103,20201227,1
3103,20201228,1
3103,20201231,1
3103,20210101,1
3103,20210102,1
3103,20210103,1
3103,20210208,2
3103,20210301,2
4794,20210212,1
4794,20210219,1
4794,20201218,1
4794,20210226,1
3707,20210212,1
3707,20210214,1
3707,20210104,1
3707,20201213,1
3707,20201214,1
3707,20201215,1
3707,20201216,1
3707,20201217,1
3707,20201218,1
3707,20201220,1
3707,20201221,1
3707,20201222,1
3707,20201223,1
3707,20201224,1
3707,20201227,1
3707,20201228,1
3707,20201229,1
3707,20201230,1
3707,20201231,1
3707,20210103,1
6566,20201218,1
6566,20201224,1
6566,20201231,1
2456,20201218,1
2456,20201219,1
2456,20201224,1
2456,20201225,1
2456,20201226,1
2456,20201231,1
2456,20210101,1
2456,20210102,1
2456,20210208,2
1934,20210104,1
1934,20201213,1
1934,20201214,1
1934,20201218,1
1934,20201219,1
1934,20201220,1
1934,20201221,1
1934,20201224,1
1934,20201225,1
1934,20201226,1
1934,20201227,1
1934,20201228,1
1934,20201231,1
1934,20210101,1
1934,20210102,1
1934,20210103,1
1934,20210208,2
3045,20201225,1
3045,20210101,1
6554,20210306,1
6554,20210208,1
6554,20210209,1
6554,20210210,1
6554,20210211,1
6554,20210212,1
6554,20210215,1
6554,20210218,1
6554,20210219,1
6554,20210222,1
6554,20210223,1
6554,20210224,1
6554,20210225,1
6554,20210226,1
6554,20210301,1
6554,20210302,1
6554,20210303,1
6554,20210304,1
6554,20210305,1
6554,20210216,2
6554,20210217,2
6819,20210104,1
6819,20201213,1
6819,20201214,1
6819,20201218,1
6819,20201219,1
6819,20201220,1
6819,20210212,1
6819,20210213,1
6819,20210214,1
6819,20210215,1
6819,20210219,1
6819,20210220,1
6819,20210221,1
6819,20210222,1
6819,20210226,1
6819,20210227,1
6819,20210228,1
6819,20210305,1
6819,20201221,1
6819,20201224,1
6819,20201225,1
6819,20201226,1
6819,20201227,1
6819,20201228,1
6819,20201231,1
6819,20210101,1
6819,20210102,1
6819,20210103,1
6819,20210208,2
6819,20210301,2
8818,20201210,1
8819,20201211,1
8820,20201212,1
8821,20201211,1
543,20210306,1
5166,20210115,1
5166,20210205,1
5166,20201218,1
5166,20210226,1
5167,20210212,1
5167,20210219,1
5167,20210108,1
5167,20210305,1
8825,20201231,1
8825,20201217,1
8825,20201218,1
8825,20201224,2
8825,20201225,2
8825,20210211,2
8825,20210212,2
8825,20210218,2
8825,20210219,2
8826,20210215,2
8826,20210222,2
2644,20201226,1
2644,20210102,1
2644,20201219,1
2644,20210306,1
8828,20210227,1
6565,20210306,1
6565,20201219,1
6565,20201225,1
6565,20210101,1
8829,20201224,1
8829,20201231,1
8829,20201218,1
8829,20210108,1
8829,20210115,1
8829,20210122,1
8829,20210129,1
8829,20210205,1
8829,20210226,1
8829,20210305,1
8829,20210211,2
8829,20210218,2
8829,20201225,2
8829,20210101,2
4848,20210306,1
8830,20201225,1
8830,20210101,1
8830,20210213,2
8830,20210214,2
8830,20210220,2
8830,20210221,2
6558,20210214,2
6558,20210221,2
6556,20210306,1
6556,20201219,1
6556,20201225,1
6556,20201226,1
6556,20210101,1
6556,20210102,1
4846,20210213,1
8831,20210213,2
8831,20210214,2
8831,20210220,2
8831,20210221,2
8832,20201219,1
8832,20201225,1
8832,20201226,1
8832,20210101,1
8832,20210102,1
8832,20210227,1
8833,20210228,1
8834,20210213,2
8834,20210220,2
8835,20210213,1
8836,20201224,1
8836,20201231,1
8836,20201218,1
8836,20210108,1
8836,20210115,1
8836,20210122,1
8836,20210129,1
8836,20210205,1
8836,20210226,1
8836,20210305,1
8836,20210211,2
8836,20210218,2
8836,20201225,2
8836,20210101,2
8837,20210220,1
8840,20210220,1
8841,20210213,1
8842,20201225,1
8842,20210101,1
8842,20201218,2
8842,20201226,2
8842,20210102,2
8845,20210227,1
8847,20210213,2
8847,20210220,2
8849,20210213,1
8850,20210220,1
8851,20201224,1
8851,20201231,1
8851,20201218,1
8851,20210108,1
8851,20210115,1
8851,20210122,1
8851,20210129,1
8851,20210205,1
8851,20210226,1
8851,20210305,1
8851,20210211,2
8851,20210218,2
8851,20201225,2
8851,20210101,2
8853,20210214,2
8853,20210221,2
8855,20210213,2
8855,20210220,2
8856,20210227,1
8857,20201225,1
8857,20201227,1
8857,20210101,1
8857,20210103,1
8857,20201213,1
8857,20201220,1
8857,20210228,1
8858,20210213,1
8859,20210213,1
8861,20210220,1
8863,20210213,1
8864,20210220,1
8866,20210220,1
8871,20201224,1
8871,20201231,1
8871,20201218,1
8871,20210108,1
8871,20210115,1
8871,20210122,1
8871,20210129,1
8871,20210205,1
8871,20210226,1
8871,20210305,1
8871,20210211,2
8871,20210218,2
8871,20201225,2
8871,20210101,2
8872,20210214,2
8872,20210221,2
8873,20210214,2
8873,20210221,2
8874,20210213,2
8874,20210220,2
8875,20210213,2
8875,20210220,2
8876,20210213,1
8877,20201218,1
8877,20210305,1
8878,20210220,1
8884,20201225,1
8884,20210101,1
8884,20210220,2
8884,20210221,2
8884,20210227,2
8884,20210228,2
8885,20210213,1
8886,20201225,1
8886,20210101,1
8886,20210220,2
8886,20210221,2
8886,20210227,2
8886,20210228,2
8887,20210214,1
8887,20210306,1
8887,20210220,2
8887,20210221,2
8887,20210227,2
8887,20210228,2
8890,20201225,1
8890,20210101,1
8890,20210221,2
8890,20210228,2
6568,20210306,1
8891,20210101,1
8893,20210212,1
8895,20210213,1
8897,20210220,2
8897,20210227,2
3283,20210220,2
3283,20210221,2
3283,20210227,2
3283,20210228,2
1082,20201218,2
1577,20201226,1
1577,20210102,1
1577,20210206,1
1577,20201219,1
1577,20210306,1
1576,20201225,1
1576,20210102,2
1576,20201226,2
4164,20210213,2
4164,20210220,2
4164,20210227,2
8899,20201225,1
8899,20210101,1
8899,20210220,2
8899,20210221,2
8899,20210227,2
8899,20210228,2
8900,20210213,1
8901,20210220,1
8902,20210220,2
8902,20210227,2
6339,20201214,1
6339,20201215,1
6339,20201216,1
6339,20201218,1
6339,20201219,1
6339,20210201,1
6339,20210202,1
6339,20210203,1
6339,20210205,1
6339,20210206,1
6339,20210129,1
6339,20210305,1
6339,20210306,1
6339,20210125,1
6339,20210126,1
6339,20210127,1
6339,20210208,1
6339,20210209,1
6339,20210210,1
6339,20210215,1
6339,20210216,1
6339,20210217,1
6339,20210222,1
6339,20210223,1
6339,20210224,1
6339,20210301,1
6339,20210302,1
6339,20210303,1
6339,20201221,1
6339,20201222,1
6339,20201223,1
6339,20201224,1
6339,20201225,1
6339,20201226,1
6339,20201228,1
6339,20201229,1
6339,20201230,1
6339,20201231,1
6339,20210101,1
6339,20210102,1
6430,20210104,1
6430,20201213,1
6430,20201214,1
6430,20201218,1
6430,20201219,1
6430,20201220,1
6430,20201221,1
6430,20201224,1
6430,20201225,1
6430,20201226,1
6430,20201227,1
6430,20201228,1
6430,20201231,1
6430,20210101,1
6430,20210102,1
6430,20210103,1
6430,20210208,2
2516,20210130,2
6571,20210130,2
6571,20201214,2
6571,20201215,2
6571,20201216,2
6571,20201217,2
6571,20201221,2
6571,20201222,2
6571,20201223,2
6571,20201224,2
7567,20210130,2
3509,20210212,1
3509,20210213,1
3509,20210219,1
3509,20210220,1
3509,20210226,1
3509,20210227,1
6894,20201207,1
5984,20210130,2
6377,20201219,1
6377,20201220,1
6377,20201225,1
6377,20201226,1
6377,20201227,1
6377,20210101,1
6377,20210102,1
6377,20210103,1
1460,20210131,1
1460,20210202,1
1460,20210203,1
1460,20210204,1
1460,20210205,1
1460,20210206,1
1460,20210207,1
1460,20210209,1
1460,20210210,1
1460,20210211,1
1460,20210212,1
1460,20210216,1
1460,20210217,1
1460,20210218,1
1460,20210219,1
1460,20210223,1
1460,20210224,1
1460,20210225,1
1460,20210226,1
1460,20210302,1
1460,20210303,1
1460,20210304,1
1460,20210305,1
1460,20210306,1
1460,20210213,2
1460,20210214,2
1460,20210220,2
1460,20210221,2
1460,20210227,2
1460,20210228,2
8905,20210130,2
8905,20210131,2
8905,20201217,2
8905,20201222,2
8905,20201223,2
8905,20201229,2
8905,20201230,2
6892,20210212,1
6892,20210104,1
6892,20201213,1
6892,20201214,1
6892,20201215,1
6892,20201216,1
6892,20201217,1
6892,20201218,1
6892,20201220,1
6892,20210215,1
6892,20210216,1
6892,20210217,1
6892,20210218,1
6892,20210219,1
6892,20210221,1
6892,20210222,1
6892,20210223,1
6892,20210224,1
6892,20210225,1
6892,20210226,1
6892,20210228,1
6892,20210301,1
6892,20201221,1
6892,20201222,1
6892,20201223,1
6892,20201224,1
6892,20201227,1
6892,20201228,1
6892,20201229,1
6892,20201230,1
6892,20201231,1
6892,20210103,1
6437,20210130,2
8906,20210131,1
6392,20210131,1
6392,20210201,1
6392,20210202,1
6392,20210203,1
6392,20210204,1
6392,20210205,1
6392,20210206,1
6392,20210207,1
6392,20210208,1
6392,20210209,1
6392,20210210,1
6392,20210211,1
6392,20210212,1
6392,20210215,1
6392,20210216,1
6392,20210217,1
6392,20210218,1
6392,20210219,1
6392,20210222,1
6392,20210223,1
6392,20210224,1
6392,20210225,1
6392,20210226,1
6392,20210301,1
6392,20210302,1
6392,20210303,1
6392,20210304,1
6392,20210305,1
6392,20210306,1
6392,20210213,2
6392,20210214,2
6392,20210220,2
6392,20210221,2
6392,20210227,2
6392,20210228,2
3898,20210212,1
3898,20210213,1
3898,20210104,1
3898,20201214,1
3898,20201215,1
3898,20201216,1
3898,20201217,1
3898,20201218,1
3898,20201219,1
3898,20201221,1
3898,20201222,1
3898,20201223,1
3898,20201224,1
3898,20201226,1
3898,20201228,1
3898,20201229,1
3898,20201230,1
3898,20201231,1
3898,20210102,1
1748,20210215,1
1748,20210222,1
1751,20201213,1
1751,20201218,1
1751,20201219,1
1751,20201220,1
1751,20201224,1
1751,20201225,1
1751,20201226,1
1751,20201227,1
1751,20201231,1
1751,20210101,1
1751,20210102,1
1751,20210103,1
6402,20201225,2
6402,20201231,2
6402,20210101,2
4170,20210212,1
4170,20210214,1
4170,20210104,1
4170,20201213,1
4170,20201214,1
4170,20201215,1
4170,20201216,1
4170,20201217,1
4170,20201218,1
4170,20201220,1
4170,20201221,1
4170,20201222,1
4170,20201223,1
4170,20201224,1
4170,20201227,1
4170,20201228,1
4170,20201229,1
4170,20201230,1
4170,20201231,1
4170,20210103,1
8907,20210225,1
2148,20201225,2
2148,20210101,2
6332,20201231,2
6498,20210215,1
6498,20210222,1
3002,20201224,2
3002,20201231,2
4616,20210104,1
4616,20210305,1
4616,20210214,1
4616,20210221,1
4616,20210228,1
4616,20201218,1
4616,20201213,1
4616,20201214,1
4616,20201215,1
4616,20201216,1
4616,20201217,1
4616,20201220,1
4616,20201221,1
4616,20201222,1
4616,20201223,1
4616,20201224,1
4616,20201227,1
4616,20201228,1
4616,20201229,1
4616,20201230,1
4616,20201231,1
4616,20210103,1
8910,20201213,1
8911,20210214,2
8911,20210221,2
8911,20210228,2
6439,20201225,2
6439,20210101,2
4037,20210215,1
4037,20210216,1
4037,20210217,1
4037,20210218,1
4037,20210219,1
4037,20210220,1
4037,20210221,1
4037,20210222,1
4037,20210223,1
4037,20210224,1
4037,20210225,1
4037,20210226,1
4037,20210227,1
4037,20210228,1
4037,20210305,1
4037,20210213,1
4037,20210214,1
4037,20210104,1
4037,20210108,1
4037,20210115,1
4037,20210122,1
4037,20210129,1
4037,20210205,1
4037,20210212,1
4037,20210301,2
4037,20210302,2
4037,20210303,2
4037,20210304,2
8912,20210214,1
2972,20210212,1
2972,20210214,1
2972,20210104,1
2972,20201213,1
2972,20201214,1
2972,20201215,1
2972,20201216,1
2972,20201217,1
2972,20201218,1
2972,20201220,1
2972,20201221,1
2972,20201222,1
2972,20201223,1
2972,20201224,1
2972,20201227,1
2972,20201228,1
2972,20201229,1
2972,20201230,1
2972,20201231,1
2972,20210103,1
6485,20201213,1
6485,20201217,1
6485,20201218,1
6485,20201220,1
6485,20210211,1
6485,20210212,1
6485,20210218,1
6485,20210219,1
6485,20210225,1
6485,20210226,1
6485,20210304,1
6485,20210305,1
6485,20201224,1
6485,20201227,1
6485,20201231,1
6485,20210103,1
6361,20201224,2
6361,20201231,2
6536,20201225,1
6536,20210101,1
6529,20210215,1
6529,20210222,1
6529,20210301,1
105,20201225,2
105,20210101,2
6417,20210306,1
8916,20201211,1
8917,20201212,1
6421,20210213,1
6421,20210214,1
6421,20210220,1
6421,20210221,1
6421,20210227,1
6421,20210228,1
4722,20210213,1
4722,20210104,1
4722,20210301,2
4722,20210302,2
4722,20210303,2
4722,20210304,2
8918,20201213,1
8919,20210215,1
8919,20210216,1
8919,20210217,1
8919,20210218,1
8919,20210219,1
8919,20210220,1
8919,20210221,1
8919,20210222,1
8919,20210223,1
8919,20210224,1
8919,20210225,1
8919,20210226,1
8919,20210227,1
8919,20210228,1
8919,20210212,1
8919,20210213,1
8919,20210214,1
8919,20210104,1
1953,20210215,2
1953,20210222,2
1950,20210216,2
1950,20210217,2
1950,20210218,2
1950,20210219,2
1950,20210223,2
1950,20210224,2
1950,20210225,2
1950,20210226,2
6328,20210214,1
6328,20210104,1
6328,20201213,1
6328,20201214,1
6328,20201215,1
6328,20201216,1
6328,20201217,1
6328,20201218,1
6328,20201220,1
6328,20201221,1
6328,20201222,1
6328,20201223,1
6328,20201224,1
6328,20201227,1
6328,20201228,1
6328,20201229,1
6328,20201230,1
6328,20201231,1
6328,20210103,1
6467,20201225,2
6465,20201213,1
6465,20201219,1
6465,20201220,1
6465,20210213,1
6465,20210214,1
6465,20210220,1
6465,20210221,1
6465,20210227,1
6465,20210228,1
6465,20201225,1
6465,20201226,1
6465,20201227,1
6465,20210101,1
6465,20210102,1
6465,20210103,1
6463,20210215,1
6463,20210216,1
6463,20210217,1
6463,20210218,1
6463,20210219,1
6463,20210212,1
6463,20210104,1
6463,20210222,1
6463,20210223,1
6463,20210224,1
6463,20210225,1
6463,20210226,1
1949,20201210,1
1947,20210215,1
1947,20210222,1
1952,20210219,1
1952,20201222,1
1952,20201223,1
1952,20201224,1
1952,20201229,1
1952,20201230,1
1952,20201231,1
1952,20201215,1
1952,20201216,1
1952,20201217,1
1952,20201218,1
1952,20210223,1
1952,20210224,1
1952,20210225,1
1952,20210226,1
6785,20201214,1
6785,20201215,1
6785,20201216,1
6785,20201217,1
6785,20210215,1
6785,20210216,1
6785,20210217,1
6785,20210218,1
6785,20210222,1
6785,20210223,1
6785,20210224,1
6785,20210225,1
6785,20210301,1
6785,20201221,1
6785,20201222,1
6785,20201223,1
6785,20201228,1
6785,20201229,1
6785,20201230,1
8922,20201211,1
7461,20210215,1
7461,20210216,1
7461,20210217,1
7461,20210218,1
7461,20210219,1
7461,20210104,1
7461,20210222,1
7461,20210223,1
7461,20210224,1
7461,20210225,1
7461,20210226,1
5728,20201217,2
8924,20201212,1
4871,20201218,1
4871,20201224,1
4871,20201231,1
3528,20201225,2
3528,20210101,2
3529,20210214,1
3529,20210221,1
3529,20210228,1
3529,20201219,1
3529,20201220,1
3529,20201225,1
3529,20201226,1
3529,20201227,1
3529,20210101,1
3529,20210102,1
3529,20210103,1
6167,20201225,1
6167,20210101,1
4523,20201212,1
5265,20210306,1
10,20201207,1
100,20201212,1
1799,20210130,2
2385,20201211,1
2703,20210130,2
2704,20201213,1
2704,20210130,1
6171,20201211,1
129,20201225,1
129,20210101,1
898,20201225,2
898,20210101,2
6161,20210123,1
6161,20210124,1
6161,20201213,1
6810,20210123,2
6810,20210124,2
6162,20210213,2
6162,20210123,2
6162,20210124,2
6156,20210104,1
6156,20210105,1
6156,20210106,1
6156,20210107,1
6156,20210108,1
6156,20210110,1
6156,20210111,1
6156,20210112,1
6156,20210113,1
6156,20210114,1
6156,20210115,1
6156,20210117,1
6156,20210118,1
6156,20210207,1
6156,20210201,2
6156,20210202,2
6156,20210203,2
6156,20210204,2
6156,20210205,2
6156,20210119,2
6156,20210120,2
6156,20210121,2
6156,20210122,2
6156,20210124,2
5,20201211,1
70,20201208,1
4304,20210212,1
4304,20210104,1
4304,20201214,1
4304,20201215,1
4304,20201216,1
4304,20201217,1
4304,20201218,1
4304,20201221,1
4304,20201222,1
4304,20201223,1
4304,20201224,1
4304,20201228,1
4304,20201229,1
4304,20201230,1
4304,20201231,1
6754,20210213,1
6754,20210227,1
544,20201225,1
544,20210101,1
4533,20201217,1
4533,20201218,1
4533,20201219,1
4533,20201220,1
4533,20201224,1
4533,20201225,1
4533,20201226,1
4533,20201227,1
4533,20201231,1
4533,20210101,1
4533,20210102,1
4533,20210103,1
4533,20210107,1
4533,20210108,1
4533,20210109,1
4533,20210114,1
4533,20210115,1
4533,20210116,1
4533,20210121,1
4533,20210122,1
4533,20210123,1
4533,20210128,1
4533,20210129,1
4533,20210130,1
4533,20210204,1
4533,20210205,1
4533,20210206,1
6400,20210212,1
6400,20210214,1
6400,20210104,1
6400,20201214,1
6400,20201215,1
6400,20201216,1
6400,20201217,1
6400,20201218,1
6400,20201220,1
6400,20201221,1
6400,20201222,1
6400,20201223,1
6400,20201224,1
6400,20201227,1
6400,20201228,1
6400,20201229,1
6400,20201230,1
6400,20201231,1
6400,20210103,1
7796,20201218,1
7796,20201219,1
7796,20201220,1
7796,20201224,1
7796,20201225,1
7796,20201226,1
7796,20201227,1
7796,20201231,1
7796,20210101,1
7796,20210102,1
7796,20210103,1
7796,20210214,1
7796,20210306,1
7796,20210212,1
7796,20210219,1
7796,20210226,1
7796,20210305,1
623,20201225,2
623,20210101,2
6380,20210305,1
6604,20210104,1
6604,20210212,1
6604,20210213,1
6604,20201213,1
6604,20201214,1
6604,20201215,1
6604,20201216,1
6604,20201217,1
6604,20201218,1
6604,20201219,1
6604,20201220,1
6604,20201221,1
6604,20201222,1
6604,20201223,1
6604,20201224,1
6604,20201225,1
6604,20201226,1
6604,20201227,1
6604,20201228,1
6604,20201229,1
6604,20201230,1
6604,20201231,1
6604,20210101,1
6604,20210102,1
6604,20210103,1
6604,20210215,1
6604,20210216,1
6604,20210217,1
6604,20210218,1
6604,20210220,1
6604,20210222,1
6604,20210223,1
6604,20210224,1
6604,20210225,1
6604,20210227,1
6604,20210214,2
6604,20210219,2
6604,20210221,2
6604,20210226,2
3949,20201220,1
3949,20201227,1
3949,20210103,1
6456,20201224,2
6456,20201231,2
4220,20210215,1
4220,20210216,1
4220,20210217,1
4220,20210218,1
4220,20210219,1
4220,20210220,1
4220,20210221,1
4220,20210222,1
4220,20210223,1
4220,20210224,1
4220,20210225,1
4220,20210226,1
4220,20210227,1
4220,20210228,1
4220,20210306,1
4220,20210212,1
4220,20210104,1
4220,20210109,1
4220,20210110,1
4220,20210116,1
4220,20210117,1
4220,20210123,1
4220,20210124,1
4220,20210130,1
4220,20210131,1
4220,20210206,1
4220,20210207,1
4220,20210213,1
4220,20210214,1
4220,20210301,2
4220,20210302,2
4220,20210303,2
4220,20210304,2
4220,20210305,2
2401,20201214,1
2401,20201218,1
2401,20201220,1
2401,20210104,1
2401,20210108,1
2401,20210212,1
2401,20210214,1
2401,20210215,1
2401,20210219,1
2401,20210221,1
2401,20210222,1
2401,20210226,1
2401,20210228,1
2401,20210305,1
2401,20201221,1
2401,20201224,1
2401,20201227,1
2401,20201228,1
2401,20201231,1
2401,20210103,1
2401,20210208,2
2401,20210110,2
2401,20210301,2
5414,20201225,2
5414,20210101,2
3621,20201224,1
3621,20201231,1
3619,20201211,1
6399,20210212,1
6399,20210104,1
6399,20201214,1
6399,20201215,1
6399,20201216,1
6399,20201217,1
6399,20201218,1
6399,20201221,1
6399,20201222,1
6399,20201223,1
6399,20201224,1
6399,20201228,1
6399,20201229,1
6399,20201230,1
6399,20201231,1
6526,20210215,2
6526,20210222,2
6829,20210221,1
6829,20210213,1
6829,20210214,1
6829,20210227,1
6829,20210228,1
6831,20210219,1
6831,20210226,1
6831,20210215,1
6831,20210222,1
6831,20210212,1
4039,20210208,1
4039,20210212,1
4039,20210214,1
4039,20210215,1
4039,20210219,1
4039,20210221,1
4039,20210222,1
4039,20210226,1
4039,20210228,1
4039,20210301,1
4039,20201214,1
4039,20201220,1
4039,20201221,1
4039,20201227,1
4039,20201228,1
4039,20210103,1
6412,20201214,1
6412,20201218,1
6412,20201219,1
6412,20201220,1
6412,20210104,1
6412,20210109,1
6412,20210110,1
6412,20210212,1
6412,20210213,1
6412,20210214,1
6412,20210215,1
6412,20210219,1
6412,20210220,1
6412,20210221,1
6412,20210222,1
6412,20210226,1
6412,20210227,1
6412,20210228,1
6412,20210301,1
6412,20210306,1
6412,20201221,1
6412,20201224,1
6412,20201225,1
6412,20201226,1
6412,20201227,1
6412,20201228,1
6412,20201231,1
6412,20210101,1
6412,20210102,1
6412,20210103,1
6412,20210208,2
6412,20210108,2
6412,20210305,2
7761,20210215,2
7761,20210222,2
7761,20210301,2
6574,20210215,1
6574,20210216,1
6574,20210217,1
6574,20210218,1
6574,20210219,1
6574,20210220,1
6574,20210221,1
6574,20210222,1
6574,20210223,1
6574,20210224,1
6574,20210225,1
6574,20210226,1
6574,20210227,1
6574,20210228,1
6574,20210301,1
6574,20210306,1
6574,20210212,1
6574,20210104,1
6574,20210109,1
6574,20210110,1
6574,20210116,1
6574,20210117,1
6574,20210123,1
6574,20210124,1
6574,20210130,1
6574,20210131,1
6574,20210206,1
6574,20210207,1
6574,20210213,1
6574,20210214,1
6574,20210302,2
6574,20210303,2
6574,20210304,2
6574,20210305,2
6408,20201220,1
6408,20201227,1
6408,20210103,1
7468,20201213,1
7468,20201219,1
7468,20201220,1
7468,20201225,1
7468,20201226,1
7468,20201227,1
7468,20210101,1
7468,20210102,1
7468,20210103,1
4737,20210104,1
4737,20201214,1
4737,20201215,1
4737,20201216,1
4737,20201217,1
4737,20201218,1
4737,20201221,1
4737,20201222,1
4737,20201223,1
4737,20201224,1
4737,20201228,1
4737,20201229,1
4737,20201230,1
4737,20201231,1
3812,20210130,2
6532,20210215,1
6532,20210216,1
6532,20210217,1
6532,20210218,1
6532,20210219,1
6532,20210220,1
6532,20210221,1
6532,20210222,1
6532,20210223,1
6532,20210224,1
6532,20210225,1
6532,20210226,1
6532,20210227,1
6532,20210228,1
6532,20210305,1
6532,20210213,1
6532,20210104,1
6532,20210108,1
6532,20210110,1
6532,20210115,1
6532,20210117,1
6532,20210122,1
6532,20210124,1
6532,20210129,1
6532,20210131,1
6532,20210205,1
6532,20210207,1
6532,20210212,1
6532,20210214,1
6532,20210301,2
6532,20210302,2
6532,20210303,2
6532,20210304,2
6519,20210213,1
6519,20210214,1
6519,20210220,1
6519,20210221,1
6519,20210227,1
6519,20210228,1
6519,20210110,1
6519,20210117,1
6519,20210124,1
6519,20210131,1
6519,20210207,1
6518,20210104,1
6518,20201214,1
6518,20201215,1
6518,20201216,1
6518,20201217,1
6518,20201218,1
6518,20210215,1
6518,20210216,1
6518,20210217,1
6518,20210218,1
6518,20210219,1
6518,20210222,1
6518,20210223,1
6518,20210224,1
6518,20210225,1
6518,20210226,1
6518,20210305,1
6518,20201221,1
6518,20201222,1
6518,20201223,1
6518,20201224,1
6518,20201228,1
6518,20201229,1
6518,20201230,1
6518,20201231,1
6518,20210301,2
6518,20210302,2
6518,20210303,2
6518,20210304,2
6539,20210215,1
6539,20210216,1
6539,20210217,1
6539,20210218,1
6539,20210219,1
6539,20210220,1
6539,20210221,1
6539,20210222,1
6539,20210223,1
6539,20210224,1
6539,20210225,1
6539,20210226,1
6539,20210227,1
6539,20210228,1
6539,20210305,1
6539,20210213,1
6539,20210104,1
6539,20210108,1
6539,20210110,1
6539,20210115,1
6539,20210117,1
6539,20210122,1
6539,20210124,1
6539,20210129,1
6539,20210131,1
6539,20210205,1
6539,20210207,1
6539,20210212,1
6539,20210214,1
6539,20210301,2
6539,20210302,2
6539,20210303,2
6539,20210304,2
2647,20210213,2
2647,20210220,2
2647,20210227,2
4479,20210215,1
4479,20210216,1
4479,20210217,1
4479,20210218,1
4479,20210219,1
4479,20210220,1
4479,20210221,1
4479,20210222,1
4479,20210223,1
4479,20210224,1
4479,20210225,1
4479,20210226,1
4479,20210227,1
4479,20210228,1
4479,20210212,1
4479,20210213,1
4479,20210214,1
4479,20210104,1
5353,20210130,2
493,20201207,1
6409,20201213,1
6409,20201214,1
6409,20201215,1
6409,20201216,1
6409,20201217,1
6409,20201218,1
6409,20201220,1
6409,20210208,1
6409,20210209,1
6409,20210210,1
6409,20210211,1
6409,20210212,1
6409,20210214,1
6409,20210215,1
6409,20210216,1
6409,20210217,1
6409,20210218,1
6409,20210219,1
6409,20210221,1
6409,20210222,1
6409,20210223,1
6409,20210224,1
6409,20210225,1
6409,20210226,1
6409,20210228,1
6409,20210301,1
6409,20210302,1
6409,20210303,1
6409,20210304,1
6409,20210305,1
6409,20201221,1
6409,20201222,1
6409,20201223,1
6409,20201224,1
6409,20201227,1
6409,20201228,1
6409,20201229,1
6409,20201230,1
6409,20201231,1
6409,20210103,1
4793,20210214,1
4793,20210221,1
4793,20210228,1
4933,20201225,1
4933,20210101,1
4933,20210213,2
4933,20210220,2
3991,20210215,1
3991,20210221,1
3991,20210222,1
3991,20210228,1
3991,20210117,1
3991,20210124,1
3991,20210131,1
3991,20210207,1
3991,20210214,1
7777,20201218,1
6577,20201218,1
6577,20201224,1
6577,20201231,1
6379,20210214,1
6379,20210104,1
6379,20201213,1
6379,20201214,1
6379,20201215,1
6379,20201216,1
6379,20201217,1
6379,20201218,1
6379,20201220,1
6379,20210215,1
6379,20210216,1
6379,20210217,1
6379,20210218,1
6379,20210219,1
6379,20210221,1
6379,20210224,1
6379,20210225,1
6379,20210226,1
6379,20210228,1
6379,20210305,1
6379,20201221,1
6379,20201222,1
6379,20201223,1
6379,20201224,1
6379,20201227,1
6379,20201228,1
6379,20201229,1
6379,20201230,1
6379,20201231,1
6379,20210103,1
6379,20210222,2
6379,20210223,2
6379,20210301,2
6379,20210302,2
6379,20210303,2
6379,20210304,2
6403,20201225,2
6403,20210101,2
6584,20201213,1
6584,20201214,1
6584,20201215,1
6584,20201216,1
6584,20201217,1
6584,20201218,1
6584,20201220,1
6584,20210215,1
6584,20210216,1
6584,20210217,1
6584,20210218,1
6584,20210219,1
6584,20210221,1
6584,20210222,1
6584,20210223,1
6584,20210224,1
6584,20210225,1
6584,20210226,1
6584,20210228,1
6584,20210305,1
6584,20201221,1
6584,20201222,1
6584,20201223,1
6584,20201224,1
6584,20201227,1
6584,20201228,1
6584,20201229,1
6584,20201230,1
6584,20201231,1
6584,20210103,1
6584,20210301,2
6584,20210302,2
6584,20210303,2
6584,20210304,2
6541,20201225,2
6541,20210101,2
1839,20201225,1
1839,20210101,1
5615,20210212,1
5615,20210213,1
5615,20210219,1
5615,20210220,1
5615,20210226,1
5615,20210227,1
6543,20210222,2
6543,20210223,2
1587,20201208,1
7658,20210215,1
7658,20210222,1
6363,20201213,1
6363,20201214,1
6363,20201219,1
6363,20201220,1
6363,20210104,1
6363,20210110,1
6363,20210213,1
6363,20210214,1
6363,20210215,1
6363,20210220,1
6363,20210221,1
6363,20210222,1
6363,20210227,1
6363,20210228,1
6363,20210301,1
6363,20201221,1
6363,20201225,1
6363,20201226,1
6363,20201227,1
6363,20201228,1
6363,20210101,1
6363,20210102,1
6363,20210103,1
6363,20210208,2
6363,20210109,2
1047,20201224,1
1047,20201231,1
1047,20201225,2
1047,20210101,2
1381,20210104,1
1381,20201214,1
1381,20201215,1
1381,20201216,1
1381,20201217,1
1381,20201221,1
1381,20201222,1
1381,20201223,1
1381,20201228,1
1381,20201229,1
1381,20201230,1
6396,20210216,2
6396,20210217,2
1257,20201224,1
1257,20201231,1
6359,20201214,1
6359,20201215,1
6359,20201216,1
6359,20201217,1
6359,20201218,1
6359,20201219,1
6359,20201221,1
6359,20201222,1
6359,20201223,1
6359,20201224,1
6359,20201225,1
6359,20201226,1
6359,20201228,1
6359,20201229,1
6359,20201230,1
6359,20201231,1
6359,20210101,1
6359,20210102,1
6359,20210104,1
6359,20210105,1
6359,20210106,1
6359,20210107,1
6359,20210108,1
6359,20210111,1
6359,20210112,1
6359,20210113,1
6359,20210114,1
6359,20210115,1
6359,20210118,1
6359,20210119,1
6359,20210120,1
6359,20210121,1
6359,20210122,1
6359,20210125,1
6359,20210126,1
6359,20210127,1
6359,20210128,1
6359,20210129,1
6359,20210201,1
6359,20210202,1
6359,20210203,1
6359,20210204,1
6359,20210205,1
3195,20201225,2
3195,20210101,2
2724,20201222,1
2724,20201223,1
2724,20201224,1
2724,20201225,1
2724,20201229,1
2724,20201230,1
2724,20201231,1
2724,20210101,1
2724,20201215,1
2724,20201216,1
2724,20201217,1
2724,20201218,1
2724,20210223,1
2724,20210224,1
2724,20210225,1
2724,20210226,1
2725,20210222,1
2725,20210227,1
2725,20210228,1
2725,20210301,1
2725,20210306,1
2725,20210104,1
2725,20210109,1
2725,20210116,1
2725,20210123,1
2725,20210130,1
2725,20210206,1
2725,20210214,1
2725,20210221,1
6354,20201207,1
3328,20210215,1
3328,20210216,1
3328,20210217,1
3328,20210218,1
3328,20210219,1
3328,20210220,1
3328,20210222,1
3328,20210223,1
3328,20210224,1
3328,20210225,1
3328,20210226,1
3328,20210227,1
3328,20210301,1
3328,20210212,1
3328,20210213,1
3328,20210104,1
6535,20201214,1
6535,20201215,1
6535,20201216,1
6535,20201217,1
6535,20201218,1
6535,20201220,1
6535,20210305,1
6535,20201221,1
6535,20201222,1
6535,20201223,1
6535,20201224,1
6535,20201227,1
6535,20201228,1
6535,20201229,1
6535,20201230,1
6535,20201231,1
6535,20210103,1
6535,20210208,1
6535,20210209,1
6535,20210210,1
6535,20210211,1
6535,20210214,1
6535,20210215,1
6535,20210216,1
6535,20210217,1
6535,20210218,1
6535,20210221,1
6535,20210222,1
6535,20210223,1
6535,20210224,1
6535,20210225,1
6535,20210228,1
6535,20210301,1
6535,20210302,1
6535,20210303,1
6535,20210304,1
3329,20210302,1
3329,20210303,1
3329,20210304,1
3329,20210305,1
3329,20210306,1
3329,20210212,2
3329,20210213,2
2062,20210306,1
2060,20210104,1
2060,20201214,1
2060,20201215,1
2060,20201216,1
2060,20201217,1
2060,20201218,1
2060,20201219,1
2060,20201220,1
2060,20201221,1
2060,20201222,1
2060,20201223,1
2060,20201224,1
2060,20201225,1
2060,20201226,1
2060,20201227,1
2060,20201228,1
2060,20201229,1
2060,20201230,1
2060,20201231,1
2060,20210101,1
2060,20210102,1
2060,20210103,1
2060,20210216,1
2060,20210217,1
2060,20210218,1
2060,20210221,1
2060,20210223,1
2060,20210224,1
2060,20210225,1
2060,20210228,1
2060,20210213,2
6479,20210213,2
6479,20210220,2
6479,20210227,2
6423,20210305,1
6423,20210306,1
6423,20201218,1
6423,20201219,1
6423,20201224,1
6423,20201225,1
6423,20201226,1
6423,20201231,1
6423,20210101,1
6423,20210102,1
6429,20201224,2
6429,20201231,2
6429,20210215,2
6429,20210222,2
6429,20210301,2
6559,20210306,1
